passenger_id,flight_id
194213424,1002
194213425,1003
194213426,1004
194213427,1005
194213428,1006
194213429,1007
194213430,1020
194213431,1001
194213432,1002
194213433,1003
194213434,1004
194213435,1005
194213436,1006
194213437,1007
194213438,1020
194213439,1001
194213440,1002
194213441,1003
194213442,1004
194213443,1005
194213444,1006
194213445,1007
194213446,1020
194213447,1001
194213448,1002
194213449,1003
194213450,1004
194213451,1005
194213452,1006
194213453,1007
194213454,1020
194213455,1001
194213456,1002
194213457,1003
194213458,1004
194213459,1005
194213460,1006
194213461,1007
194213462,1020
194213463,1001
194213464,1002
194213465,1003
194213466,1004
194213467,1005
194213468,1006
194213469,1007
194213470,1020
194213471,1001
194213472,1002
194213473,1003
194213474,1004
194213475,1005
194213476,1006
194213477,1007
194213478,1020
194213479,1001
194213480,1002
194213481,1003
194213482,1004
194213483,1005
194213484,1006
194213485,1007
194213486,1020
194213487,1001
194213488,1002
194213489,1003
194213490,1004
194213491,1005
194213492,1006
194213493,1007
194213494,1020
194213495,1001
194213496,1002
194213497,1003
194213498,1004
194213499,1005
194213500,1006
194213501,1007
194213502,1020
194213503,1001
194213504,1002
194213505,1003
194213506,1004
194213507,1005
194213508,1006
194213509,1007
194213510,1020
194213511,1001
194213512,1002
194213513,1003
194213514,1004
194213515,1005
194213516,1006
194213517,1007
194213518,1020
194213519,1001
194213520,1002
194213521,1003
194213522,1004
194213523,1005
194213524,1006
194213525,1007
194213526,1020
194213527,1001
194213528,1002
194213529,1003
194213530,1004
194213531,1005
194213532,1006
194213533,1007
194213534,1020
194213535,1001
194213536,1002
194213537,1003
194213538,1004
194213539,1005
194213540,1006
194213541,1007
194213542,1020
194213543,1001
194213544,1002
194213545,1003
194213546,1004
194213547,1005
194213548,1006
194213549,1007
194213550,1020
194213551,1001
194213552,1002
194213553,1003
194213554,1004
194213555,1005
194213556,1006
194213557,1007
194213558,1020
194213559,1001
194213560,1002
194213561,1003
194213562,1004
194213563,1005
194213564,1006
194213565,1007
194213566,1020
194213567,1001
194213568,1002
194213569,1003
194213570,1004
194213571,1005
194213572,1006
194213573,1007
194213574,1020
194213575,1001
194213576,1002
194213577,1003
194213578,1004
194213579,1005
194213580,1006
194213581,1007
194213582,1020
194213583,1001
194213584,1002
194213585,1003
194213586,1004
194213587,1005
194213588,1006
194213589,1007
194213590,1020
194213591,1001
194213592,1002
194213593,1003
194213594,1004
194213595,1005
194213596,1006
194213597,1007
194213598,1020
194213599,1001
194213600,1002
194213601,1003
194213602,1004
194213603,1005
194213604,1006
194213605,1007
194213606,1020
194213607,1001
194213608,1002
194213609,1003
194213610,1004
194213611,1005
194213612,1006
194213613,1007
194213614,1020
194213615,1001
194213616,1002
194213617,1003
194213618,1004
194213619,1005
194213620,1006
194213621,1007
194213622,1020
194213623,1001
194213624,1002
194213625,1003
194213626,1004
194213627,1005
194213628,1006
194213629,1007
194213630,1020
194213631,1001
194213632,1002
194213633,1003
194213634,1004
194213635,1005
194213636,1006
194213637,1007
194213638,1020
194213639,1001
194213640,1002
194213641,1003
194213642,1004
194213643,1005
194213644,1006
194213645,1007
194213646,1020
194213647,1001
194213648,1002
194213649,1003
194213650,1004
194213651,1005
194213652,1006
194213653,1007
194213654,1020
194213655,1001
194213656,1002
194213657,1003
194213658,1004
194213659,1005
194213660,1006
194213661,1007
194213662,1020
194213663,1001
194213664,1002
194213665,1003
194213666,1004
194213667,1005
194213668,1006
194213669,1007
194213670,1020
194213671,1001
194213672,1002
194213673,1003
194213674,1004
194213675,1005
194213676,1006
194213677,1007
194213678,1020
194213679,1001
194213680,1002
194213681,1003
194213682,1004
194213683,1005
194213684,1006
194213685,1007
194213686,1020
194213687,1001
194213688,1002
194213689,1003
194213690,1004
194213691,1005
194213692,1006
194213693,1007
194213694,1020
194213695,1001
194213696,1002
194213697,1003
194213698,1004
194213699,1005
194213700,1006
194213701,1007
194213702,1020
194213703,1001
194213704,1002
194213705,1003
194213706,1004
194213707,1005
194213708,1006
194213709,1007
194213710,1020
194213711,1001
194213712,1002
194213713,1003
194213714,1004
194213715,1005
194213716,1006
194213717,1007
194213718,1020
194213719,1001
194213720,1002
194213721,1003
194213722,1004
194213723,1005
194213724,1006
194213725,1007
194213726,1020
194213727,1001
194213728,1002
194213729,1003
194213730,1004
194213731,1005
194213732,1006
194213733,1007
194213734,1020
194213735,1001
194213736,1002
194213737,1003
194213738,1004
194213739,1005
194213740,1006
194213741,1007
194213742,1020
194213743,1001
194213744,1002
194213745,1003
194213746,1004
194213747,1005
194213748,1006
194213749,1007
194213750,1020
194213751,1001
194213752,1002
194213753,1003
194213754,1004
194213755,1005
194213756,1006
194213757,1007
194213758,1020
194213759,1001
194213760,1002
194213761,1003
194213762,1004
194213763,1005
194213764,1006
194213765,1007
194213766,1020
194213767,1001
194213768,1002
194213769,1003
194213770,1004
194213771,1005
194213772,1006
194213773,1007
194213774,1020
194213775,1001
194213776,1002
194213777,1003
194213778,1004
194213779,1005
194213780,1006
194213781,1007
194213782,1020
194213783,1001
194213784,1002
194213785,1003
194213786,1004
194213787,1005
194213788,1006
194213789,1007
194213790,1020
194213791,1001
194213792,1002
194213793,1003
194213794,1004
194213795,1005
194213796,1006
194213797,1007
194213798,1020
194213799,1001
194213800,1002
194213801,1003
194213802,1004
194213803,1005
194213804,1006
194213805,1007
194213806,1020
194213807,1001
194213808,1002
194213809,1003
194213810,1004
194213811,1005
194213812,1006
194213813,1007
194213814,1020
194213815,1001
194213816,1002
194213817,1003
194213818,1004
194213819,1005
194213820,1006
194213821,1007
194213822,1020
194213823,1001
194213824,1002
194213825,1003
194213826,1004
194213827,1005
194213828,1006
194213829,1007
194213830,1020
194213831,1001
194213832,1002
194213833,1003
194213834,1004
194213835,1005
194213836,1006
194213837,1007
194213838,1020
194213839,1001
194213840,1002
194213841,1003
194213842,1004
194213843,1005
194213844,1006
194213845,1007
194213846,1020
194213847,1001
194213848,1002
194213849,1003
194213850,1004
194213851,1005
194213852,1006
194213853,1007
194213854,1020
194213855,1001
194213856,1002
194213857,1003
194213858,1004
194213859,1005
194213860,1006
194213861,1007
194213862,1020
194213863,1001
194213864,1002
194213865,1003
194213866,1004
194213867,1005
194213868,1006
194213869,1007
194213870,1020
194213871,1001
194213872,1002
194213873,1003
194213874,1004
194213875,1005
194213876,1006
194213877,1007
194213878,1020
194213879,1001
194213880,1002
194213881,1003
194213882,1004
194213883,1005
194213884,1006
194213885,1007
194213886,1020
194213887,1001
194213888,1002
194213889,1003
194213890,1004
194213891,1005
194213892,1006
194213893,1007
194213894,1020
194213895,1001
194213896,1002
194213897,1003
194213898,1004
194213899,1005
194213900,1006
194213901,1007
194213902,1020
194213903,1001
194213904,1002
194213905,1003
194213906,1004
194213907,1005
194213908,1006
194213909,1007
194213910,1020
194213911,1001
194213912,1002
194213913,1003
194213914,1004
194213915,1005
194213916,1006
194213917,1007
194213918,1020
194213919,1001
194213920,1002
194213921,1003
194213922,1004
194213923,1005
194213924,1006
194213925,1007
194213926,1020
194213927,1001
194213928,1002
194213929,1003
194213930,1004
194213931,1005
194213932,1006
194213933,1007
194213934,1020
194213935,1001
194213936,1002
194213937,1003
194213938,1004
194213939,1005
194213940,1006
194213941,1007
194213942,1020
194213943,1001
194213944,1002
194213945,1003
194213946,1004
194213947,1005
194213948,1006
194213949,1007
194213950,1020
194213951,1001
194213952,1002
194213953,1003
194213954,1004
194213955,1005
194213956,1006
194213957,1007
194213958,1020
194213959,1001
194213960,1002
194213961,1003
194213962,1004
194213963,1005
194213964,1006
194213965,1007
194213966,1020
194213967,1001
194213968,1002
194213969,1003
194213970,1004
194213971,1005
194213972,1006
194213973,1007
194213974,1020
194213975,1001
194213976,1002
194213977,1003
194213978,1004
194213979,1005
194213980,1006
194213981,1007
194213982,1020
194213983,1001
194213984,1002
194213985,1003
194213986,1004
194213987,1005
194213988,1006
194213989,1007
194213990,1020
194213991,1001
194213992,1002
194213993,1003
194213994,1004
194213995,1005
194213996,1006
194213997,1007
194213998,1020
194213999,1001
194214000,1002
194214001,1003
194214002,1004
194214003,1005
194214004,1006
194214005,1007
194214006,1020
194214007,1001
194214008,1002
194214009,1003
194214010,1004
194214011,1005
194214012,1006
194214013,1007
194214014,1020
194214015,1001
194214016,1002
194214017,1003
194214018,1004
194214019,1005
194214020,1006
194214021,1007
194214022,1020
194214023,1001
194214024,1002
194214025,1003
194214026,1004
194214027,1005
194214028,1006
194214029,1007
194214030,1020
194214031,1001
194214032,1002
194214033,1003
194214034,1004
194214035,1005
194214036,1006
194214037,1007
194214038,1020
194214039,1001
194214040,1002
194214041,1003
194214042,1004
194214043,1005
194214044,1006
194214045,1007
194214046,1020
194214047,1001
194214048,1002
194214049,1003
194214050,1004
194214051,1005
194214052,1006
194214053,1007
194214054,1020
194214055,1001
194214056,1002
194214057,1003
194214058,1004
194214059,1005
194214060,1006
194214061,1007
194214062,1020
194214063,1001
194214064,1002
194214065,1003
194214066,1004
194214067,1005
194214068,1006
194214069,1007
194214070,1020
194214071,1001
194214072,1002
194214073,1003
194214074,1004
194214075,1005
194214076,1006
194214077,1007
194214078,1020
194214079,1001
194214080,1002
194214081,1003
194214082,1004
194214083,1005
194214084,1006
194214085,1007
194214086,1020
194214087,1001
194214088,1002
194214089,1003
194214090,1004
194214091,1005
194214092,1006
194214093,1007
194214094,1020
194214095,1001
194214096,1002
194214097,1003
194214098,1004
194214099,1005
194214100,1006
194214101,1007
194214102,1020
194214103,1001
194214104,1002
194214105,1003
194214106,1004
194214107,1005
194214108,1006
194214109,1007
194214110,1020
194214111,1001
194214112,1002
194214113,1003
194214114,1004
194214115,1005
194214116,1006
194214117,1007
194214118,1020
194214119,1001
194214120,1002
194214121,1003
194214122,1004
194214123,1005
194214124,1006
194214125,1007
194214126,1020
194214127,1001
194214128,1002
194214129,1003
194214130,1004
194214131,1005
194214132,1006
194214133,1007
194214134,1020
194214135,1001
194214136,1002
194214137,1003
194214138,1004
194214139,1005
194214140,1006
194214141,1007
194214142,1020
194214143,1001
194214144,1002
194214145,1003
194214146,1004
194214147,1005
194214148,1006
194214149,1007
194214150,1020
194214151,1001
194214152,1002
194214153,1003
194214154,1004
194214155,1005
194214156,1006
194214157,1007
194214158,1020
194214159,1001
194214160,1002
194214161,1003
194214162,1004
194214163,1005
194214164,1006
194214165,1007
194214166,1020
194214167,1001
194214168,1002
194214169,1003
194214170,1004
194214171,1005
194214172,1006
194214173,1007
194214174,1020
194214175,1001
194214176,1002
194214177,1003
194214178,1004
194214179,1005
194214180,1006
194214181,1007
194214182,1020
194214183,1001
194214184,1002
194214185,1003
194214186,1004
194214187,1005
194214188,1006
194214189,1007
194214190,1020
194214191,1001
194214192,1002
194214193,1003
194214194,1004
194214195,1005
194214196,1006
194214197,1007
194214198,1020
194214199,1001
194214200,1002
194214201,1003
194214202,1004
194214203,1005
194214204,1006
194214205,1007
194214206,1020
194214207,1001
194214208,1002
194214209,1003
194214210,1004
194214211,1005
194214212,1006
194214213,1007
194214214,1020
194214215,1001
194214216,1002
194214217,1003
194214218,1004
194214219,1005
194214220,1006
194214221,1007
194214222,1020
194214223,1001
194214224,1002
194214225,1003
194214226,1004
194214227,1005
194214228,1006
194214229,1007
194214230,1020
194214231,1001
194214232,1002
194214233,1003
194214234,1004
194214235,1005
194214236,1006
194214237,1007
194214238,1020
194214239,1001
194214240,1002
194214241,1003
194214242,1004
194214243,1005
194214244,1006
194214245,1007
194214246,1020
194214247,1001
194214248,1002
194214249,1003
194214250,1004
194214251,1005
194214252,1006
194214253,1007
194214254,1020
194214255,1001
194214256,1002
194214257,1003
194214258,1004
194214259,1005
194214260,1006
194214261,1007
194214262,1020
194214263,1001
194214264,1002
194214265,1003
194214266,1004
194214267,1005
194214268,1006
194214269,1007
194214270,1020
194214271,1001
194214272,1002
194214273,1003
194214274,1004
194214275,1005
194214276,1006
194214277,1007
194214278,1020
194214279,1001
194214280,1002
194214281,1003
194214282,1004
194214283,1005
194214284,1006
194214285,1007
194214286,1020
194214287,1001
194214288,1002
194214289,1003
194214290,1004
194214291,1005
194214292,1006
194214293,1007
194214294,1020
194214295,1001
194214296,1002
194214297,1003
194214298,1004
194214299,1005
194214300,1006
194214301,1007
194214302,1020
194214303,1001
194214304,1002
194214305,1003
194214306,1004
194214307,1005
194214308,1006
194214309,1007
194214310,1020
194214311,1001
194214312,1002
194214313,1003
194214314,1004
194214315,1005
194214316,1006
194214317,1007
194214318,1020
194214319,1001
194214320,1002
194214321,1003
194214322,1004
194214323,1005
194214324,1006
194214325,1007
194214326,1020
194214327,1001
194214328,1002
194214329,1003
194214330,1004
194214331,1005
194214332,1006
194214333,1007
194214334,1020
194214335,1001
194214336,1002
194214337,1003
194214338,1004
194214339,1005
194214340,1006
194214341,1007
194214342,1020
194214343,1001
194214344,1002
194214345,1003
194214346,1004
194214347,1005
194214348,1006
194214349,1007
194214350,1020
194214351,1001
194214352,1002
194214353,1003
194214354,1004
194214355,1005
194214356,1006
194214357,1007
194214358,1020
194214359,1001
194214360,1002
194214361,1003
194214362,1004
194214363,1005
194214364,1006
194214365,1007
194214366,1020
194214367,1001
194214368,1002
194214369,1003
194214370,1004
194214371,1005
194214372,1006
194214373,1007
194214374,1020
194214375,1001
194214376,1002
194214377,1003
194214378,1004
194214379,1005
194214380,1006
194214381,1007
194214382,1020
194214383,1001
194214384,1002
194214385,1003
194214386,1004
194214387,1005
194214388,1006
194214389,1007
194214390,1020
194214391,1001
194214392,1002
194214393,1003
194214394,1004
194214395,1005
194214396,1006
194214397,1007
194214398,1020
194214399,1001
194214400,1002
194214401,1003
194214402,1004
194214403,1005
194214404,1006
194214405,1007
194214406,1020
194214407,1001
194214408,1002
194214409,1003
194214410,1004
194214411,1005
194214412,1006
194214413,1007
194214414,1020
194214415,1001
194214416,1002
194214417,1003
194214418,1004
194214419,1005
194214420,1006
194214421,1007
194214422,1020
194214423,1001
194214424,1002
194214425,1003
194214426,1004
194214427,1005
194214428,1006
194214429,1007
194214430,1020
194214431,1001
194214432,1002
194214433,1003
194214434,1004
194214435,1005
194214436,1006
194214437,1007
194214438,1020
194214439,1001
194214440,1002
194214441,1003
194214442,1004
194214443,1005
194214444,1006
194214445,1007
194214446,1020
194214447,1001
194214448,1002
194214449,1003
194214450,1004
194214451,1005
194214452,1006
194214453,1007
194214454,1020
194214455,1001
194214456,1002
194214457,1003
194214458,1004
194214459,1005
194214460,1006
194214461,1007
194214462,1020
194214463,1001
194214464,1002
194214465,1003
194214466,1004
194214467,1005
194214468,1006
194214469,1007
194214470,1020
194214471,1001
194214472,1002
194214473,1003
194214474,1004
194214475,1005
194214476,1006
194214477,1007
194214478,1020
194214479,1001
194214480,1002
194214481,1003
194214482,1004
194214483,1005
194214484,1006
194214485,1007
194214486,1020
194214487,1001
194214488,1002
194214489,1003
194214490,1004
194214491,1005
194214492,1006
194214493,1007
194214494,1020
194214495,1001
194214496,1002
194214497,1003
194214498,1004
194214499,1005
194214500,1006
194214501,1007
194214502,1020
194214503,1001
194214504,1002
194214505,1003
194214506,1004
194214507,1005
194214508,1006
194214509,1007
194214510,1020
194214511,1001
194214512,1002
194214513,1003
194214514,1004
194214515,1005
194214516,1006
194214517,1007
194214518,1020
194214519,1001
194214520,1002
194214521,1003
194214522,1004
194214523,1005
194214524,1006
194214525,1007
194214526,1020
194214527,1001
194214528,1002
194214529,1003
194214530,1004
194214531,1005
194214532,1006
194214533,1007
194214534,1020
194214535,1001
194214536,1002
194214537,1003
194214538,1004