passenger_id,flight_id
412043560,1001
412043561,1002
412043562,1003
412043563,1004
412043564,1005
412043565,1006
412043566,1007
412043567,1008
412043568,1009
412043569,1010
412043570,1011
412043571,1001
412043572,1002
412043573,1003
412043574,1004
412043575,1005
412043576,1006
412043577,1007
412043578,1008
412043579,1009
412043580,1010
412043581,1011
412043582,1001
412043583,1002
412043584,1003
412043585,1004
412043586,1005
412043587,1006
412043588,1007
412043589,1008
412043590,1009
412043591,1010
412043592,1011
412043593,1001
412043594,1002
412043595,1003
412043596,1004
412043597,1005
412043598,1006
412043599,1007
412043600,1008
412043601,1009
412043602,1010
412043603,1011
412043604,1001
412043605,1002
412043606,1003
412043607,1004
412043608,1005
412043609,1006
412043610,1007
412043611,1008
412043612,1009
412043613,1010
412043614,1011
412043615,1001
412043616,1002
412043617,1003
412043618,1004
412043619,1005
412043620,1006
412043621,1007
412043622,1008
412043623,1009
412043624,1010
412043625,1011
412043626,1001
412043627,1002
412043628,1003
412043629,1004
412043630,1005
412043631,1006
412043632,1007
412043633,1008
412043634,1009
412043635,1010
412043636,1011
412043637,1001
412043638,1002
412043639,1003
412043640,1004
412043641,1005
412043642,1006
412043643,1007
412043644,1008
412043645,1009
412043646,1010
412043647,1011
412043648,1001
412043649,1002
412043650,1003
412043651,1004
412043652,1005
412043653,1006
412043654,1007
412043655,1008
412043656,1009
412043657,1010
412043658,1011
412043659,1001
412043660,1002
412043661,1003
412043662,1004
412043663,1005
412043664,1006
412043665,1007
412043666,1008
412043667,1009
412043668,1010
412043669,1011
412043670,1001
412043671,1002
412043672,1003
412043673,1004
412043674,1005
412043675,1006
412043676,1007
412043677,1008
412043678,1009
412043679,1010
412043680,1011
412043681,1001
412043682,1002
412043683,1003
412043684,1004
412043685,1005
412043686,1006
412043687,1007
412043688,1008
412043689,1009
412043690,1010
412043691,1011
412043692,1001
412043693,1002
412043694,1003
412043695,1004
412043696,1005
412043697,1006
412043698,1007
412043699,1008
412043700,1009
412043701,1010
412043702,1011
412043703,1001
412043704,1002
412043705,1003
412043706,1004
412043707,1005
412043708,1006
412043709,1007
412043710,1008
412043711,1009
412043712,1010
412043713,1011
412043714,1001
412043715,1002
412043716,1003
412043717,1004
412043718,1005
412043719,1006
412043720,1007
412043721,1008
412043722,1009
412043723,1010
412043724,1011
412043725,1001
412043726,1002
412043727,1003
412043728,1004
412043729,1005
412043730,1006
412043731,1007
412043732,1008
412043733,1009
412043734,1010
412043735,1011
412043736,1001
412043737,1002
412043738,1003
412043739,1004
412043740,1005
412043741,1006
412043742,1007
412043743,1008
412043744,1009
412043745,1010
412043746,1011
412043747,1001
412043748,1002
412043749,1003
412043750,1004
412043751,1005
412043752,1006
412043753,1007
412043754,1008
412043755,1009
412043756,1010
412043757,1011
412043758,1001
412043759,1002
412043760,1003
412043761,1004
412043762,1005
412043763,1006
412043764,1007
412043765,1008
412043766,1009
412043767,1010
412043768,1011
412043769,1001
412043770,1002
412043771,1003
412043772,1004
412043773,1005
412043774,1006
412043775,1007
412043776,1008
412043777,1009
412043778,1010
412043779,1011
412043780,1001
412043781,1002
412043782,1003
412043783,1004
412043784,1005
412043785,1006
412043786,1007
412043787,1008
412043788,1009
412043789,1010
412043790,1011
412043791,1001
412043792,1002
412043793,1003
412043794,1004
412043795,1005
412043796,1006
412043797,1007
412043798,1008
412043799,1009
412043800,1010
412043801,1011
412043802,1001
412043803,1002
412043804,1003
412043805,1004
412043806,1005
412043807,1006
412043808,1007
412043809,1008
412043810,1009
412043811,1010
412043812,1011
412043813,1001
412043814,1002
412043815,1003
412043816,1004
412043817,1005
412043818,1006
412043819,1007
412043820,1008
412043821,1009
412043822,1010
412043823,1011
412043824,1001
412043825,1002
412043826,1003
412043827,1004
412043828,1005
412043829,1006
412043830,1007
412043831,1008
412043832,1009
412043833,1010
412043834,1011
412043835,1001
412043836,1002
412043837,1003
412043838,1004
412043839,1005
412043840,1006
412043841,1007
412043842,1008
412043843,1009
412043844,1010
412043845,1011
412043846,1001
412043847,1002
412043848,1003
412043849,1004
412043850,1005
412043851,1006
412043852,1007
412043853,1008
412043854,1009
412043855,1010
412043856,1011
412043857,1001
412043858,1002
412043859,1003
412043860,1004
412043861,1005
412043862,1006
412043863,1007
412043864,1008
412043865,1009
412043866,1010
412043867,1011
412043868,1001
412043869,1002
412043870,1003
412043871,1004
412043872,1005
412043873,1006
412043874,1007
412043875,1008
412043876,1009
412043877,1010
412043878,1011
412043879,1001
412043880,1002
412043881,1003
412043882,1004
412043883,1005
412043884,1006
412043885,1007
412043886,1008
412043887,1009
412043888,1010
412043889,1011
412043890,1001
412043891,1002
412043892,1003
412043893,1004
412043894,1005
412043895,1006
412043896,1007
412043897,1008
412043898,1009
412043899,1010
412043900,1011
412043901,1001
412043902,1002
412043903,1003
412043904,1004
412043905,1005
412043906,1006
412043907,1007
412043908,1008
412043909,1009
412043910,1010
412043911,1011
412043912,1001
412043913,1002
412043914,1003
412043915,1004
412043916,1005
412043917,1006
412043918,1007
412043919,1008
412043920,1009
412043921,1010
412043922,1011
412043923,1001
412043924,1002
412043925,1003
412043926,1004
412043927,1005
412043928,1006
412043929,1007
412043930,1008
412043931,1009
412043932,1010
412043933,1011
412043934,1001
412043935,1002
412043936,1003
412043937,1004
412043938,1005
412043939,1006
412043940,1007
412043941,1008
412043942,1009
412043943,1010
412043944,1011
412043945,1001
412043946,1002
412043947,1003
412043948,1004
412043949,1005
412043950,1006
412043951,1007
412043952,1008
412043953,1009
412043954,1010
412043955,1011
412043956,1001
412043957,1002
412043958,1003
412043959,1004
412043960,1005
412043961,1006
412043962,1007
412043963,1008
412043964,1009
412043965,1010
412043966,1011
412043967,1001
412043968,1002
412043969,1003
412043970,1004
412043971,1005
412043972,1006
412043973,1007
412043974,1008
412043975,1009
412043976,1010
412043977,1011
412043978,1001
412043979,1002
412043980,1003
412043981,1004
412043982,1005
412043983,1006
412043984,1007
412043985,1008
412043986,1009
412043987,1010
412043988,1011
412043989,1001
412043990,1002
412043991,1003
412043992,1004
412043993,1005
412043994,1006
412043995,1007
412043996,1008
412043997,1009
412043998,1010
412043999,1011
412044000,1001
412044001,1002
412044002,1003
412044003,1004
412044004,1005
412044005,1006
412044006,1007
412044007,1008
412044008,1009
412044009,1010
412044010,1011
412044011,1001
412044012,1002
412044013,1003
412044014,1004
412044015,1005
412044016,1006
412044017,1007
412044018,1008
412044019,1009
412044020,1010
412044021,1011
412044022,1001
412044023,1002
412044024,1003
412044025,1004
412044026,1005
412044027,1006
412044028,1007
412044029,1008
412044030,1009
412044031,1010
412044032,1011
412044033,1001
412044034,1002
412044035,1003
412044036,1004
412044037,1005
412044038,1006
412044039,1007
412044040,1008
412044041,1009
412044042,1010
412044043,1011
412044044,1001
412044045,1002
412044046,1003
412044047,1004
412044048,1005
412044049,1006
412044050,1007
412044051,1008
412044052,1009
412044053,1010
412044054,1011
412044055,1001
412044056,1002
412044057,1003
412044058,1004
412044059,1005
412044060,1006
412044061,1007
412044062,1008
412044063,1009
412044064,1010
412044065,1011
412044066,1001
412044067,1002
412044068,1003
412044069,1004
412044070,1005
412044071,1006
412044072,1007
412044073,1008
412044074,1009
412044075,1010
412044076,1011
412044077,1001
412044078,1002
412044079,1003
412044080,1004
412044081,1005
412044082,1006
412044083,1007
412044084,1008
412044085,1009
412044086,1010
412044087,1011
412044088,1001
412044089,1002
412044090,1003
412044091,1004
412044092,1005
412044093,1006
412044094,1007
412044095,1008
412044096,1009
412044097,1010
412044098,1011
412044099,1001
412044100,1002
412044101,1003
412044102,1004
412044103,1005
412044104,1006
412044105,1007
412044106,1008
412044107,1009
412044108,1010
412044109,1011
412044110,1001
412044111,1002
412044112,1003
412044113,1004
412044114,1005
412044115,1006
412044116,1007
412044117,1008
412044118,1009
412044119,1010
412044120,1011
412044121,1001
412044122,1002
412044123,1003
412044124,1004
412044125,1005
412044126,1006
412044127,1007
412044128,1008
412044129,1009
412044130,1010
412044131,1011
412044132,1001
412044133,1002
412044134,1003
412044135,1004
412044136,1005
412044137,1006
412044138,1007
412044139,1008
412044140,1009
412044141,1010
412044142,1011
412044143,1001
412044144,1002
412044145,1003
412044146,1004
412044147,1005
412044148,1006
412044149,1007
412044150,1008
412044151,1009
412044152,1010
412044153,1011
412044154,1001
412044155,1002
412044156,1003
412044157,1004
412044158,1005
412044159,1006
412044160,1007
412044161,1008
412044162,1009
412044163,1010
412044164,1011
412044165,1001
412044166,1002
412044167,1003
412044168,1004
412044169,1005
412044170,1006
412044171,1007
412044172,1008
412044173,1009
412044174,1010
412044175,1011
412044176,1001
412044177,1002
412044178,1003
412044179,1004
412044180,1005
412044181,1006
412044182,1007
412044183,1008
412044184,1009
412044185,1010
412044186,1011
412044187,1001
412044188,1002
412044189,1003
412044190,1004
412044191,1005
412044192,1006
412044193,1007
412044194,1008
412044195,1009
412044196,1010
412044197,1011
412044198,1001
412044199,1002
412044200,1003
412044201,1004
412044202,1005
412044203,1006
412044204,1007
412044205,1008
412044206,1009
412044207,1010
412044208,1011
412044209,1001
412044210,1002
412044211,1003
412044212,1004
412044213,1005
412044214,1006
412044215,1007
412044216,1008
412044217,1009
412044218,1010
412044219,1011
412044220,1001
412044221,1002
412044222,1003
412044223,1004
412044224,1005
412044225,1006
412044226,1007
412044227,1008
412044228,1009
412044229,1010
412044230,1011
412044231,1001
412044232,1002
412044233,1003
412044234,1004
412044235,1005
412044236,1006
412044237,1007
412044238,1008
412044239,1009
412044240,1010
412044241,1011
412044242,1001
412044243,1002
412044244,1003
412044245,1004
412044246,1005
412044247,1006
412044248,1007
412044249,1008
412044250,1009
412044251,1010
412044252,1011
412044253,1001
412044254,1002
412044255,1003
412044256,1004
412044257,1005
412044258,1006
412044259,1007
412044260,1008
412044261,1009
412044262,1010
412044263,1011
412044264,1001
412044265,1002
412044266,1003
412044267,1004
412044268,1005
412044269,1006
412044270,1007
412044271,1008
412044272,1009
412044273,1010
412044274,1011
412044275,1001
412044276,1002
412044277,1003
412044278,1004
412044279,1005
412044280,1006
412044281,1007
412044282,1008
412044283,1009
412044284,1010
412044285,1011
412044286,1001
412044287,1002
412044288,1003
412044289,1004
412044290,1005
412044291,1006
412044292,1007
412044293,1008
412044294,1009
412044295,1010
412044296,1011
412044297,1001
412044298,1002
412044299,1003
412044300,1004
412044301,1005
412044302,1006
412044303,1007
412044304,1008
412044305,1009
412044306,1010
412044307,1011
412044308,1001
412044309,1002
412044310,1003
412044311,1004
412044312,1005
412044313,1006
412044314,1007
412044315,1008
412044316,1009
412044317,1010
412044318,1011
412044319,1001
412044320,1002
412044321,1003
412044322,1004
412044323,1005
412044324,1006
412044325,1007
412044326,1008
412044327,1009
412044328,1010
412044329,1011
412044330,1001
412044331,1002
412044332,1003
412044333,1004
412044334,1005
412044335,1006
412044336,1007
412044337,1008
412044338,1009
412044339,1010
412044340,1011
412044341,1001
412044342,1002
412044343,1003
412044344,1004
412044345,1005
412044346,1006
412044347,1007
412044348,1008
412044349,1009
412044350,1010
412044351,1011
412044352,1001
412044353,1002
412044354,1003
412044355,1004
412044356,1005
412044357,1006
412044358,1007
412044359,1008
412044360,1009
412044361,1010
412044362,1011
412044363,1001
412044364,1002
412044365,1003
412044366,1004
412044367,1005
412044368,1006
412044369,1007
412044370,1008
412044371,1009
412044372,1010
412044373,1011
412044374,1001
412044375,1002
412044376,1003
412044377,1004
412044378,1005
412044379,1006
412044380,1007
412044381,1008
412044382,1009
412044383,1010
412044384,1011
412044385,1001
412044386,1002
412044387,1003
412044388,1004
412044389,1005
412044390,1006
412044391,1007
412044392,1008
412044393,1009
412044394,1010
412044395,1011
412044396,1001
412044397,1002
412044398,1003
412044399,1004
412044400,1005
412044401,1006
412044402,1007
412044403,1008
412044404,1009
412044405,1010
412044406,1011
412044407,1001
412044408,1002
412044409,1003
412044410,1004
412044411,1005
412044412,1006
412044413,1007
412044414,1008
412044415,1009
412044416,1010
412044417,1011
412044418,1001
412044419,1002
412044420,1003
412044421,1004
412044422,1005
412044423,1006
412044424,1007
412044425,1008
412044426,1009
412044427,1010
412044428,1011
412044429,1001
412044430,1002
412044431,1003
412044432,1004
412044433,1005
412044434,1006
412044435,1007
412044436,1008
412044437,1009
412044438,1010
412044439,1011
412044440,1001
412044441,1002
412044442,1003
412044443,1004
412044444,1005
412044445,1006
412044446,1007
412044447,1008
412044448,1009
412044449,1010
412044450,1011
412044451,1001
412044452,1002
412044453,1003
412044454,1004
412044455,1005
412044456,1006
412044457,1007
412044458,1008
412044459,1009
412044460,1010
412044461,1011
412044462,1001
412044463,1002
412044464,1003
412044465,1004
412044466,1005
412044467,1006
412044468,1007
412044469,1008
412044470,1009
412044471,1010
412044472,1011
412044473,1001
412044474,1002
412044475,1003
412044476,1004
412044477,1005
412044478,1006
412044479,1007
412044480,1008
412044481,1009
412044482,1010
412044483,1011
412044484,1001
412044485,1002
412044486,1003
412044487,1004
412044488,1005
412044489,1006
412044490,1007
412044491,1008
412044492,1009
412044493,1010
412044494,1011
412044495,1001
412044496,1002
412044497,1003
412044498,1004
412044499,1005
412044500,1006
412044501,1007
412044502,1008
412044503,1009
412044504,1010
412044505,1011
412044506,1001
412044507,1002
412044508,1003
412044509,1004
412044510,1005
412044511,1006
412044512,1007
412044513,1008
412044514,1009
412044515,1010
412044516,1011
412044517,1001
412044518,1002
412044519,1003
412044520,1004
412044521,1005
412044522,1006
412044523,1007
412044524,1008
412044525,1009
412044526,1010
412044527,1011
412044528,1001
412044529,1002
412044530,1003
412044531,1004
412044532,1005
412044533,1006
412044534,1007
412044535,1008
412044536,1009
412044537,1010
412044538,1011
412044539,1001
412044540,1002
412044541,1003
412044542,1004
412044543,1005
412044544,1006
412044545,1007
412044546,1008
412044547,1009
412044548,1010
412044549,1011
412044550,1001
412044551,1002
412044552,1003
412044553,1004
412044554,1005
412044555,1006
412044556,1007
412044557,1008
412044558,1009
412044559,1010
412044560,1011
412044561,1001
412044562,1002
412044563,1003
412044564,1004
412044565,1005
412044566,1006
412044567,1007
412044568,1008
412044569,1009
412044570,1010
412044571,1011
412044572,1001
412044573,1002
412044574,1003
412044575,1004
412044576,1005
412044577,1006
412044578,1007
412044579,1008
412044580,1009
412044581,1010
412044582,1011
412044583,1001
412044584,1002
412044585,1003
412044586,1004
412044587,1005
412044588,1006
412044589,1007
412044590,1008
412044591,1009
412044592,1010
412044593,1011
412044594,1001
412044595,1002
412044596,1003
412044597,1004
412044598,1005
412044599,1006
412044600,1007
412044601,1008
412044602,1009
412044603,1010
412044604,1011
412044605,1001
412044606,1002
412044607,1003
412044608,1004
412044609,1005
412044610,1006
412044611,1007
412044612,1008
412044613,1009
412044614,1010
412044615,1011
412044616,1001
412044617,1002
412044618,1003
412044619,1004
412044620,1005
412044621,1006
412044622,1007
412044623,1008
412044624,1009
412044625,1010
412044626,1011
412044627,1001
412044628,1002
412044629,1003
412044630,1004
412044631,1005
412044632,1006
412044633,1007
412044634,1008
412044635,1009
412044636,1010
412044637,1011
412044638,1001
412044639,1002
412044640,1003
412044641,1004
412044642,1005
412044643,1006
412044644,1007
412044645,1008
412044646,1009
412044647,1010
412044648,1011
412044649,1001
412044650,1002
412044651,1003
412044652,1004
412044653,1005
412044654,1006
412044655,1007
412044656,1008
412044657,1009
412044658,1010
412044659,1011
412044660,1001
412044661,1002
412044662,1003
412044663,1004
412044664,1005
412044665,1006
412044666,1007
412044667,1008
412044668,1009
412044669,1010
412044670,1011
412044671,1001
412044672,1002
412044673,1003
412044674,1004
412044675,1005
412044676,1006
412044677,1007
412044678,1008
412044679,1009
412044680,1010
412044681,1011
412044682,1001
412044683,1002
412044684,1003
412044685,1004
412044686,1005
412044687,1006
412044688,1007
412044689,1008
412044690,1009
412044691,1010
412044692,1011
412044693,1001
412044694,1002
412044695,1003
412044696,1004
412044697,1005
412044698,1006
412044699,1007
412044700,1008
412044701,1009
412044702,1010
412044703,1011
412044704,1001
412044705,1002
412044706,1003
412044707,1004
412044708,1005
412044709,1006
412044710,1007
412044711,1008
412044712,1009
412044713,1010
412044714,1011
412044715,1001
412044716,1002
412044717,1003
412044718,1004
412044719,1005
412044720,1006
412044721,1007
412044722,1008
412044723,1009
412044724,1010
412044725,1011
412044726,1001
412044727,1002
412044728,1003
412044729,1004
412044730,1005
412044731,1006
412044732,1007
412044733,1008
412044734,1009
412044735,1010
412044736,1011
412044737,1001
412044738,1002
412044739,1003
412044740,1004
412044741,1005
412044742,1006
412044743,1007
412044744,1008
412044745,1009
412044746,1010
412044747,1011
412044748,1001
412044749,1002
412044750,1003
412044751,1004
412044752,1005
412044753,1006
412044754,1007
412044755,1008
412044756,1009
412044757,1010
412044758,1011
412044759,1001
412044760,1002
412044761,1003
412044762,1004
412044763,1005
412044764,1006
412044765,1007
412044766,1008
412044767,1009
412044768,1010
412044769,1011
412044770,1001
412044771,1002
412044772,1003
412044773,1004
412044774,1005
412044775,1006
412044776,1007
412044777,1008
412044778,1009
412044779,1010
412044780,1011
412044781,1001
412044782,1002
412044783,1003
412044784,1004
412044785,1005
412044786,1006
412044787,1007
412044788,1008
412044789,1009
412044790,1010
412044791,1011
412044792,1001
412044793,1002
412044794,1003
412044795,1004
412044796,1005
412044797,1006
412044798,1007
412044799,1008
412044800,1009
412044801,1010
412044802,1011
412044803,1001
412044804,1002
412044805,1003
412044806,1004
412044807,1005
412044808,1006
412044809,1007
412044810,1008
412044811,1009
412044812,1010
412044813,1011
412044814,1001
412044815,1002
412044816,1003
412044817,1004
412044818,1005
412044819,1006
412044820,1007
412044821,1008
412044822,1009
412044823,1010
412044824,1011
412044825,1001
412044826,1002
412044827,1003
412044828,1004
412044829,1005
412044830,1006
412044831,1007
412044832,1008
412044833,1009
412044834,1010
412044835,1011
412044836,1001
412044837,1002
412044838,1003
412044839,1004
412044840,1005
412044841,1006
412044842,1007
412044843,1008
412044844,1009
412044845,1010
412044846,1011
412044847,1001
412044848,1002
412044849,1003
412044850,1004
412044851,1005
412044852,1006
412044853,1007
412044854,1008
412044855,1009
412044856,1010
412044857,1011
412044858,1001
412044859,1002
412044860,1003
412044861,1004
412044862,1005
412044863,1006
412044864,1007
412044865,1008
412044866,1009
412044867,1010
412044868,1011
412044869,1001
412044870,1002
412044871,1003
412044872,1004
412044873,1005
412044874,1006
412044875,1007
412044876,1008
412044877,1009
412044878,1010
412044879,1011
412044880,1001
412044881,1002
412044882,1003
412044883,1004
412044884,1005
412044885,1006
412044886,1007
412044887,1008
412044888,1009
412044889,1010
412044890,1011
412044891,1001
412044892,1002
412044893,1003
412044894,1004
412044895,1005
412044896,1006
412044897,1007
412044898,1008
412044899,1009
412044900,1010
412044901,1011
412044902,1001
412044903,1002
412044904,1003
412044905,1004
412044906,1005
412044907,1006
412044908,1007
412044909,1008
412044910,1009
412044911,1010
412044912,1011
412044913,1001
412044914,1002
412044915,1003
412044916,1004
412044917,1005
412044918,1006
412044919,1007
412044920,1008
412044921,1009
412044922,1010
412044923,1011
412044924,1001
412044925,1002
412044926,1003
412044927,1004
412044928,1005
412044929,1006
412044930,1007
412044931,1008
412044932,1009
412044933,1010
412044934,1011
412044935,1001
412044936,1002
412044937,1003
412044938,1004
412044939,1005
412044940,1006
412044941,1007
412044942,1008
412044943,1009
412044944,1010
412044945,1011
412044946,1001
412044947,1002
412044948,1003
412044949,1004
412044950,1005
412044951,1006
412044952,1007
412044953,1008
412044954,1009
412044955,1010
412044956,1011
412044957,1001
412044958,1002
412044959,1003
412044960,1004
412044961,1005
412044962,1006
412044963,1007
412044964,1008
412044965,1009
412044966,1010
412044967,1011
412044968,1001
412044969,1002
412044970,1003
412044971,1004
412044972,1005
412044973,1006
412044974,1007
412044975,1008
412044976,1009
412044977,1010
412044978,1011
412044979,1001
412044980,1002
412044981,1003
412044982,1004
412044983,1005
412044984,1006
412044985,1007
412044986,1008
412044987,1009
412044988,1010
412044989,1011
412044990,1001
412044991,1002
412044992,1003
412044993,1004
412044994,1005
412044995,1006
412044996,1007
412044997,1008
412044998,1009
412044999,1010
412045000,1011
412045001,1001
412045002,1002
412045003,1003
412045004,1004
412045005,1005
412045006,1006
412045007,1007
412045008,1008
412045009,1009
412045010,1010
412045011,1011
412045012,1001
412045013,1002
412045014,1003
412045015,1004
412045016,1005
412045017,1006
412045018,1007
412045019,1008
412045020,1009
412045021,1010
412045022,1011
412045023,1001
412045024,1002
412045025,1003
412045026,1004
412045027,1005
412045028,1006
412045029,1007
412045030,1008
412045031,1009
412045032,1010
412045033,1011
412045034,1001
412045035,1002
412045036,1003
412045037,1004
412045038,1005
412045039,1006
412045040,1007
412045041,1008
412045042,1009
412045043,1010
412045044,1011
412045045,1001
412045046,1002
412045047,1003
412045048,1004
412045049,1005
412045050,1006
412045051,1007
412045052,1008
412045053,1009
412045054,1010
412045055,1011
412045056,1001
412045057,1002
412045058,1003
412045059,1004
412045060,1005
412045061,1006
412045062,1007
412045063,1008
412045064,1009
412045065,1010
412045066,1011
412045067,1001
412045068,1002
412045069,1003
412045070,1004
412045071,1005
412045072,1006
412045073,1007
412045074,1008
412045075,1009
412045076,1010
412045077,1011
412045078,1001
412045079,1002
412045080,1003
412045081,1004
412045082,1005
412045083,1006
412045084,1007
412045085,1008
412045086,1009
412045087,1010
412045088,1011
412045089,1001
412045090,1002
412045091,1003
412045092,1004
412045093,1005
412045094,1006
412045095,1007
412045096,1008
412045097,1009
412045098,1010
412045099,1011
412045100,1001
412045101,1002
412045102,1003
412045103,1004
412045104,1005
412045105,1006
412045106,1007
412045107,1008
412045108,1009
412045109,1010
412045110,1011
412045111,1001
412045112,1002
412045113,1003
412045114,1004
412045115,1005
412045116,1006
412045117,1007
412045118,1008
412045119,1009
412045120,1010
412045121,1011
412045122,1001
412045123,1002
412045124,1003
412045125,1004
412045126,1005
412045127,1006
412045128,1007
412045129,1008
412045130,1009
412045131,1010
412045132,1011
412045133,1001
412045134,1002
412045135,1003
412045136,1004
412045137,1005
412045138,1006
412045139,1007
412045140,1008
412045141,1009
412045142,1010
412045143,1011
412045144,1001
412045145,1002
412045146,1003
412045147,1004
412045148,1005
412045149,1006
412045150,1007
412045151,1008
412045152,1009
412045153,1010
412045154,1011
412045155,1001
412045156,1002
412045157,1003
412045158,1004
412045159,1005
412045160,1006
412045161,1007
412045162,1008
412045163,1009
412045164,1010
412045165,1011
412045166,1001
412045167,1002
412045168,1003
412045169,1004
412045170,1005
412045171,1006
412045172,1007
412045173,1008
412045174,1009
412045175,1010
412045176,1011
412045177,1001
412045178,1002
412045179,1003
412045180,1004
412045181,1005
412045182,1006
412045183,1007
412045184,1008
412045185,1009
412045186,1010
412045187,1011
412045188,1001
412045189,1002
412045190,1003
412045191,1004
412045192,1005
412045193,1006
412045194,1007
412045195,1008
412045196,1009
412045197,1010
412045198,1011
412045199,1001
412045200,1002
412045201,1003
412045202,1004
412045203,1005
412045204,1006
412045205,1007
412045206,1008
412045207,1009
412045208,1010
412045209,1011
412045210,1001
412045211,1002
412045212,1003
412045213,1004
412045214,1005
412045215,1006
412045216,1007
412045217,1008
412045218,1009
412045219,1010
412045220,1011
412045221,1001
412045222,1002
412045223,1003
412045224,1004
412045225,1005
412045226,1006
412045227,1007
412045228,1008
412045229,1009
412045230,1010
412045231,1011
412045232,1001
412045233,1002
412045234,1003
412045235,1004
412045236,1005
412045237,1006
412045238,1007
412045239,1008
412045240,1009
412045241,1010
412045242,1011
412045243,1001
412045244,1002
412045245,1003
412045246,1004
412045247,1005
412045248,1006
412045249,1007
412045250,1008
412045251,1009
412045252,1010
412045253,1011
412045254,1001
412045255,1002
412045256,1003
412045257,1004
412045258,1005
412045259,1006
412045260,1007
412045261,1008
412045262,1009
412045263,1010
412045264,1011
412045265,1001
412045266,1002
412045267,1003
412045268,1004
412045269,1005
412045270,1006
412045271,1007
412045272,1008
412045273,1009
412045274,1010
412045275,1011
412045276,1001
412045277,1002
412045278,1003
412045279,1004
412045280,1005
412045281,1006
412045282,1007
412045283,1008
412045284,1009
412045285,1010
412045286,1011
412045287,1001
412045288,1002
412045289,1003
412045290,1004
412045291,1005
412045292,1006
412045293,1007
412045294,1008
412045295,1009
412045296,1010
412045297,1011
412045298,1001
412045299,1002
412045300,1003
412045301,1004
412045302,1005
412045303,1006
412045304,1007
412045305,1008
412045306,1009
412045307,1010
412045308,1011
412045309,1001
412045310,1002
412045311,1003
412045312,1004
412045313,1005
412045314,1006
412045315,1007
412045316,1008
412045317,1009
412045318,1010
412045319,1011
412045320,1001
412045321,1002
412045322,1003
412045323,1004
412045324,1005
412045325,1006
412045326,1007
412045327,1008
412045328,1009
412045329,1010
412045330,1011
412045331,1001
412045332,1002
412045333,1003
412045334,1004
412045335,1005
412045336,1006
412045337,1007
412045338,1008
412045339,1009
412045340,1010
412045341,1011
412045342,1001
412045343,1002
412045344,1003
412045345,1004
412045346,1005
412045347,1006
412045348,1007
412045349,1008
412045350,1009
412045351,1010
412045352,1011
412045353,1001
412045354,1002
412045355,1003
412045356,1004
412045357,1005
412045358,1006
412045359,1007
412045360,1008
412045361,1009
412045362,1010
412045363,1011
412045364,1001
412045365,1002
412045366,1003
412045367,1004
412045368,1005
412045369,1006
412045370,1007
412045371,1008
412045372,1009
412045373,1010
412045374,1011
412045375,1001
412045376,1002
412045377,1003
412045378,1004
412045379,1005
412045380,1006
412045381,1007
412045382,1008
412045383,1009
412045384,1010
412045385,1011
412045386,1001
412045387,1002
412045388,1003
412045389,1004
412045390,1005
412045391,1006
412045392,1007
412045393,1008
412045394,1009
412045395,1010
412045396,1011
412045397,1001
412045398,1002
412045399,1003
412045400,1004
412045401,1005
412045402,1006
412045403,1007
412045404,1008
412045405,1009
412045406,1010
412045407,1011
412045408,1001
412045409,1002
412045410,1003
412045411,1004
412045412,1005
412045413,1006
412045414,1007
412045415,1008
412045416,1009
412045417,1010
412045418,1011
412045419,1001
412045420,1002
412045421,1003
412045422,1004
412045423,1005
412045424,1006
412045425,1007
412045426,1008
412045427,1009
412045428,1010
412045429,1011
412045430,1001
412045431,1002
412045432,1003
412045433,1004
412045434,1005
412045435,1006
412045436,1007
412045437,1008
412045438,1009
412045439,1010
412045440,1011
412045441,1001
412045442,1002
412045443,1003
412045444,1004
412045445,1005
412045446,1006
412045447,1007
412045448,1008
412045449,1009
412045450,1010
412045451,1011
412045452,1001
412045453,1002
412045454,1003
412045455,1004
412045456,1005
412045457,1006
412045458,1007
412045459,1008
412045460,1009
412045461,1010
412045462,1011
412045463,1001
412045464,1002
412045465,1003
412045466,1004
412045467,1005
412045468,1006
412045469,1007
412045470,1008
412045471,1009
412045472,1010
412045473,1011
412045474,1001
412045475,1002
412045476,1003
412045477,1004
412045478,1005
412045479,1006
412045480,1007
412045481,1008
412045482,1009
412045483,1010
412045484,1011
412045485,1001
412045486,1002
412045487,1003
412045488,1004
412045489,1005
412045490,1006
412045491,1007
412045492,1008
412045493,1009
412045494,1010
412045495,1011
412045496,1001
412045497,1002
412045498,1003
412045499,1004
412045500,1005
412045501,1006
412045502,1007
412045503,1008
412045504,1009
412045505,1010
412045506,1011
412045507,1001
412045508,1002
412045509,1003
412045510,1004
412045511,1005
412045512,1006
412045513,1007
412045514,1008
412045515,1009
412045516,1010
412045517,1011
412045518,1001
412045519,1002
412045520,1003
412045521,1004
412045522,1005
412045523,1006
412045524,1007
412045525,1008
412045526,1009
412045527,1010
412045528,1011
412045529,1001
412045530,1002
412045531,1003
412045532,1004
412045533,1005
412045534,1006
412045535,1007
412045536,1008
412045537,1009
412045538,1010
412045539,1011
412045540,1001
412045541,1002
412045542,1003
412045543,1004
412045544,1005
412045545,1006
412045546,1007
412045547,1008
412045548,1009
412045549,1010
412045550,1011
412045551,1001
412045552,1002
412045553,1003
412045554,1004
412045555,1005
412045556,1006
412045557,1007
412045558,1008
412045559,1009
412045560,1010
412045561,1011
412045562,1001
412045563,1002
412045564,1003
412045565,1004
412045566,1005
412045567,1006
412045568,1007
412045569,1008
412045570,1009
412045571,1010
412045572,1011
412045573,1001
412045574,1002
412045575,1003
412045576,1004
412045577,1005
412045578,1006
412045579,1007
412045580,1008
412045581,1009
412045582,1010
412045583,1011
412045584,1001
412045585,1002
412045586,1003
412045587,1004
412045588,1005
412045589,1006
412045590,1007
412045591,1008
412045592,1009
412045593,1010
412045594,1011
412045595,1001
412045596,1002
412045597,1003
412045598,1004
412045599,1005
412045600,1006
412045601,1007
412045602,1008
412045603,1009
412045604,1010
412045605,1011
412045606,1001
412045607,1002
412045608,1003
412045609,1004
412045610,1005
412045611,1006
412045612,1007
412045613,1008
412045614,1009
412045615,1010
412045616,1011
412045617,1001
412045618,1002
412045619,1003
412045620,1004
412045621,1005
412045622,1006
412045623,1007
412045624,1008
412045625,1009
412045626,1010
412045627,1011
412045628,1001
412045629,1002
412045630,1003
412045631,1004
412045632,1005
412045633,1006
412045634,1007
412045635,1008
412045636,1009
412045637,1010
412045638,1011
412045639,1001
412045640,1002
412045641,1003
412045642,1004
412045643,1005
412045644,1006
412045645,1007
412045646,1008
412045647,1009
412045648,1010
412045649,1011
412045650,1001
412045651,1002
412045652,1003
412045653,1004
412045654,1005
412045655,1006
412045656,1007
412045657,1008
412045658,1009
412045659,1010
412045660,1011
412045661,1001
412045662,1002
412045663,1003
412045664,1004
412045665,1005
412045666,1006
412045667,1007
412045668,1008
412045669,1009
412045670,1010
412045671,1011
412045672,1001
412045673,1002
412045674,1003
412045675,1004
412045676,1005
412045677,1006
412045678,1007
412045679,1008
412045680,1009
412045681,1010
412045682,1011
412045683,1001
412045684,1002
412045685,1003
412045686,1004
412045687,1005
412045688,1006
412045689,1007
412045690,1008
412045691,1009
412045692,1010
412045693,1011
412045694,1001
412045695,1002
412045696,1003
412045697,1004
412045698,1005
412045699,1006
412045700,1007
412045701,1008
412045702,1009
412045703,1010
412045704,1011
412045705,1001
412045706,1002
412045707,1003
412045708,1004
412045709,1005
412045710,1006
412045711,1007
412045712,1008
412045713,1009
412045714,1010
412045715,1011
412045716,1001
412045717,1002
412045718,1003
412045719,1004
412045720,1005
412045721,1006
412045722,1007
412045723,1008
412045724,1009
412045725,1010
412045726,1011
412045727,1001
412045728,1002
412045729,1003
412045730,1004
412045731,1005
412045732,1006
412045733,1007
412045734,1008
412045735,1009
412045736,1010
412045737,1011
412045738,1001
412045739,1002
412045740,1003
412045741,1004
412045742,1005
412045743,1006
412045744,1007
412045745,1008
412045746,1009
412045747,1010
412045748,1011
412045749,1001
412045750,1002
412045751,1003
412045752,1004
412045753,1005
412045754,1006
412045755,1007
412045756,1008
412045757,1009
412045758,1010
412045759,1011
412045760,1001
412045761,1002
412045762,1003
412045763,1004
412045764,1005
412045765,1006
412045766,1007
412045767,1008
412045768,1009
412045769,1010
412045770,1011
412045771,1001
412045772,1002
412045773,1003
412045774,1004
412045775,1005
412045776,1006
412045777,1007
412045778,1008
412045779,1009
412045780,1010
412045781,1011
412045782,1001
412045783,1002
412045784,1003
412045785,1004
412045786,1005
412045787,1006
412045788,1007
412045789,1008
412045790,1009
412045791,1010
412045792,1011
412045793,1001
412045794,1002
412045795,1003
412045796,1004
412045797,1005
412045798,1006
412045799,1007
412045800,1008
412045801,1009
412045802,1010
412045803,1011
412045804,1001
412045805,1002
412045806,1003
412045807,1004
412045808,1005
412045809,1006
412045810,1007
412045811,1008
412045812,1009
412045813,1010
412045814,1011
412045815,1001
412045816,1002
412045817,1003
412045818,1004
412045819,1005
412045820,1006
412045821,1007
412045822,1008
412045823,1009
412045824,1010
412045825,1011
412045826,1001
412045827,1002
412045828,1003
412045829,1004
412045830,1005
412045831,1006
412045832,1007
412045833,1008
412045834,1009
412045835,1010
412045836,1011
412045837,1001
412045838,1002
412045839,1003
412045840,1004
412045841,1005
412045842,1006
412045843,1007
412045844,1008
412045845,1009
412045846,1010
412045847,1011
412045848,1001
412045849,1002
412045850,1003
412045851,1004
412045852,1005
412045853,1006
412045854,1007
412045855,1008
412045856,1009
412045857,1010
412045858,1011
412045859,1001
412045860,1002
412045861,1003
412045862,1004
412045863,1005
412045864,1006
412045865,1007
412045866,1008
412045867,1009
412045868,1010
412045869,1011
412045870,1001
412045871,1002
412045872,1003
412045873,1004
412045874,1005
412045875,1006
412045876,1007
412045877,1008
412045878,1009
412045879,1010
412045880,1011
412045881,1001
412045882,1002
412045883,1003
412045884,1004
412045885,1005
412045886,1006
412045887,1007
412045888,1008
412045889,1009
412045890,1010
412045891,1011
412045892,1001
412045893,1002
412045894,1003
412045895,1004
412045896,1005
412045897,1006
412045898,1007
412045899,1008
412045900,1009
412045901,1010
412045902,1011
412045903,1001
412045904,1002
412045905,1003
412045906,1004
412045907,1005
412045908,1006
412045909,1007
412045910,1008
412045911,1009
412045912,1010
412045913,1011
412045914,1001
412045915,1002
412045916,1003
412045917,1004
412045918,1005
412045919,1006
412045920,1007
412045921,1008
412045922,1009
412045923,1010
412045924,1011
412045925,1001
412045926,1002
412045927,1003
412045928,1004
412045929,1005
412045930,1006
412045931,1007
412045932,1008
412045933,1009
412045934,1010
412045935,1011
412045936,1001
412045937,1002
412045938,1003
412045939,1004
412045940,1005
412045941,1006
412045942,1007
412045943,1008
412045944,1009
412045945,1010
412045946,1011
412045947,1001
412045948,1002
412045949,1003
412045950,1004
412045951,1005
412045952,1006
412045953,1007
412045954,1008
412045955,1009
412045956,1010
412045957,1011
412045958,1001
412045959,1002
412045960,1003
412045961,1004
412045962,1005
412045963,1006
412045964,1007
412045965,1008
412045966,1009
412045967,1010
412045968,1011
412045969,1001
412045970,1002
412045971,1003
412045972,1004
412045973,1005
412045974,1006
412045975,1007
412045976,1008
412045977,1009
412045978,1010
412045979,1011
412045980,1001
412045981,1002
412045982,1003
412045983,1004
412045984,1005
412045985,1006
412045986,1007
412045987,1008
412045988,1009
412045989,1010
412045990,1011
412045991,1001
412045992,1002
412045993,1003
412045994,1004
412045995,1005
412045996,1006
412045997,1007
412045998,1008
412045999,1009
412046000,1010
412046001,1011
412046002,1001
412046003,1002
412046004,1003
412046005,1004
412046006,1005
412046007,1006
412046008,1007
412046009,1008
412046010,1009
412046011,1010
412046012,1011
412046013,1001
412046014,1002
412046015,1003
412046016,1004
412046017,1005
412046018,1006
412046019,1007
412046020,1008
412046021,1009
412046022,1010
412046023,1011
412046024,1001
412046025,1002
412046026,1003
412046027,1004
412046028,1005
412046029,1006
412046030,1007
412046031,1008
412046032,1009
412046033,1010
412046034,1011
412046035,1001
412046036,1002
412046037,1003
412046038,1004
412046039,1005
412046040,1006
412046041,1007
412046042,1008
412046043,1009
412046044,1010
412046045,1011
412046046,1001
412046047,1002
412046048,1003
412046049,1004
412046050,1005
412046051,1006
412046052,1007
412046053,1008
412046054,1009
412046055,1010
412046056,1011
412046057,1001
412046058,1002
412046059,1003
412046060,1004
412046061,1005
412046062,1006
412046063,1007
412046064,1008
412046065,1009
412046066,1010
412046067,1011
412046068,1001
412046069,1002
412046070,1003
412046071,1004
412046072,1005
412046073,1006
412046074,1007
412046075,1008
412046076,1009
412046077,1010
412046078,1011
412046079,1001
412046080,1002
412046081,1003
412046082,1004
412046083,1005
412046084,1006
412046085,1007
412046086,1008
412046087,1009
412046088,1010
412046089,1011
412046090,1001
412046091,1002
412046092,1003
412046093,1004
412046094,1005
412046095,1006
412046096,1007
412046097,1008
412046098,1009
412046099,1010
412046100,1011
412046101,1001
412046102,1002
412046103,1003
412046104,1004
412046105,1005
412046106,1006
412046107,1007
412046108,1008
412046109,1009
412046110,1010
412046111,1011
412046112,1001
412046113,1002
412046114,1003
412046115,1004
412046116,1005
412046117,1006
412046118,1007
412046119,1008
412046120,1009
412046121,1010
412046122,1011
412046123,1001
412046124,1002
412046125,1003
412046126,1004
412046127,1005
412046128,1006
412046129,1007
412046130,1008
412046131,1009
412046132,1010
412046133,1011
412046134,1001
412046135,1002
412046136,1003
412046137,1004
412046138,1005
412046139,1006
412046140,1007
412046141,1008
412046142,1009
412046143,1010
412046144,1011
412046145,1001
412046146,1002
412046147,1003
412046148,1004
412046149,1005
412046150,1006
412046151,1007
412046152,1008
412046153,1009
412046154,1010
412046155,1011
412046156,1001
412046157,1002
412046158,1003
412046159,1004
412046160,1005
412046161,1006
412046162,1007
412046163,1008
412046164,1009
412046165,1010
412046166,1011
412046167,1001
412046168,1002
412046169,1003
412046170,1004
412046171,1005
412046172,1006
412046173,1007
412046174,1008
412046175,1009
412046176,1010
412046177,1011
412046178,1001
412046179,1002
412046180,1003
412046181,1004
412046182,1005
412046183,1006
412046184,1007
412046185,1008
412046186,1009
412046187,1010
412046188,1011
412046189,1001
412046190,1002
412046191,1003
412046192,1004
412046193,1005
412046194,1006
412046195,1007
412046196,1008
412046197,1009
412046198,1010
412046199,1011
412046200,1001
412046201,1002
412046202,1003
412046203,1004
412046204,1005
412046205,1006
412046206,1007
412046207,1008
412046208,1009
412046209,1010
412046210,1011
412046211,1001
412046212,1002
412046213,1003
412046214,1004
412046215,1005
412046216,1006
412046217,1007
412046218,1008
412046219,1009
412046220,1010
412046221,1011
412046222,1001
412046223,1002
412046224,1003
412046225,1004
412046226,1005
412046227,1006
412046228,1007
412046229,1008
412046230,1009
412046231,1010
412046232,1011
412046233,1001
412046234,1002
412046235,1003
412046236,1004
412046237,1005
412046238,1006
412046239,1007
412046240,1008
412046241,1009
412046242,1010
412046243,1011
412046244,1001
412046245,1002
412046246,1003
412046247,1004
412046248,1005
412046249,1006
412046250,1007
412046251,1008
412046252,1009
412046253,1010
412046254,1011
412046255,1001
412046256,1002
412046257,1003
412046258,1004
412046259,1005
412046260,1006
412046261,1007
412046262,1008
412046263,1009
412046264,1010
412046265,1011
412046266,1001
412046267,1002
412046268,1003
412046269,1004
412046270,1005
412046271,1006
412046272,1007
412046273,1008
412046274,1009
412046275,1010
412046276,1011
412046277,1001
412046278,1002
412046279,1003
412046280,1004
412046281,1005
412046282,1006
412046283,1007
412046284,1008
412046285,1009
412046286,1010
412046287,1011
412046288,1001
412046289,1002
412046290,1003
412046291,1004
412046292,1005
412046293,1006
412046294,1007
412046295,1008
412046296,1009
412046297,1010
412046298,1011
412046299,1001
412046300,1002
412046301,1003
412046302,1004
412046303,1005
412046304,1006
412046305,1007
412046306,1008
412046307,1009
412046308,1010
412046309,1011
412046310,1001
412046311,1002
412046312,1003
412046313,1004
412046314,1005
412046315,1006
412046316,1007
412046317,1008
412046318,1009
412046319,1010
412046320,1011
412046321,1001
412046322,1002
412046323,1003
412046324,1004
412046325,1005
412046326,1006
412046327,1007
412046328,1008
412046329,1009
412046330,1010
412046331,1011
412046332,1001
412046333,1002
412046334,1003
412046335,1004
412046336,1005
412046337,1006
412046338,1007
412046339,1008
412046340,1009
412046341,1010
412046342,1011
412046343,1001
412046344,1002
412046345,1003
412046346,1004
412046347,1005
412046348,1006
412046349,1007
412046350,1008
412046351,1009
412046352,1010
412046353,1011
412046354,1001
412046355,1002
412046356,1003
412046357,1004
412046358,1005
412046359,1006
412046360,1007
412046361,1008
412046362,1009
412046363,1010
412046364,1011
412046365,1001
412046366,1002
412046367,1003
412046368,1004
412046369,1005
412046370,1006
412046371,1007
412046372,1008
412046373,1009
412046374,1010
412046375,1011
412046376,1001
412046377,1002
412046378,1003
412046379,1004
412046380,1005
412046381,1006
412046382,1007
412046383,1008
412046384,1009
412046385,1010
412046386,1011
412046387,1001
412046388,1002
412046389,1003
412046390,1004
412046391,1005
412046392,1006
412046393,1007
412046394,1008
412046395,1009
412046396,1010
412046397,1011
412046398,1001
412046399,1002
412046400,1003
412046401,1004
412046402,1005
412046403,1006
412046404,1007
412046405,1008
412046406,1009
412046407,1010
412046408,1011
412046409,1001
412046410,1002
412046411,1003
412046412,1004
412046413,1005
412046414,1006
412046415,1007
412046416,1008
412046417,1009
412046418,1010
412046419,1011
412046420,1001
412046421,1002
412046422,1003
412046423,1004
412046424,1005
412046425,1006
412046426,1007
412046427,1008
412046428,1009
412046429,1010
412046430,1011
412046431,1001
412046432,1002
412046433,1003
412046434,1004
412046435,1005
412046436,1006
412046437,1007
412046438,1008
412046439,1009
412046440,1010
412046441,1011
412046442,1001
412046443,1002
412046444,1003
412046445,1004
412046446,1005
412046447,1006
412046448,1007
412046449,1008
412046450,1009
412046451,1010
412046452,1011
412046453,1001
412046454,1002
412046455,1003
412046456,1004
412046457,1005
412046458,1006
412046459,1007
412046460,1008
412046461,1009
412046462,1010
412046463,1011
412046464,1001
412046465,1002
412046466,1003
412046467,1004
412046468,1005
412046469,1006
412046470,1007
412046471,1008
412046472,1009
412046473,1010
412046474,1011
412046475,1001
412046476,1002
412046477,1003
412046478,1004
412046479,1005
412046480,1006
412046481,1007
412046482,1008
412046483,1009
412046484,1010
412046485,1011
412046486,1001
412046487,1002
412046488,1003
412046489,1004
412046490,1005
412046491,1006
412046492,1007
412046493,1008
412046494,1009
412046495,1010
412046496,1011
412046497,1001
412046498,1002
412046499,1003
412046500,1004
412046501,1005
412046502,1006
412046503,1007
412046504,1008
412046505,1009
412046506,1010
412046507,1011
412046508,1001
412046509,1002
412046510,1003
412046511,1004
412046512,1005
412046513,1006
412046514,1007
412046515,1008
412046516,1009
412046517,1010
412046518,1011
412046519,1001
412046520,1002
412046521,1003
412046522,1004
412046523,1005
412046524,1006
412046525,1007
412046526,1008
412046527,1009
412046528,1010
412046529,1011
412046530,1001
412046531,1002
412046532,1003
412046533,1004
412046534,1005
412046535,1006
412046536,1007
412046537,1008
412046538,1009
412046539,1010
412046540,1011
412046541,1001
412046542,1002
412046543,1003
412046544,1004
412046545,1005
412046546,1006
412046547,1007
412046548,1008
412046549,1009
412046550,1010
412046551,1011
412046552,1001
412046553,1002
412046554,1003
412046555,1004
412046556,1005
412046557,1006
412046558,1007
412046559,1008
412046560,1009
412046561,1010
412046562,1011
412046563,1001
412046564,1002
412046565,1003
412046566,1004
412046567,1005
412046568,1006
412046569,1007
412046570,1008
412046571,1009
412046572,1010
412046573,1011
412046574,1001
412046575,1002
412046576,1003
412046577,1004
412046578,1005
412046579,1006
412046580,1007
412046581,1008
412046582,1009
412046583,1010
412046584,1011
412046585,1001
412046586,1002
412046587,1003
412046588,1004
412046589,1005
412046590,1006
412046591,1007
412046592,1008
412046593,1009
412046594,1010
412046595,1011
412046596,1001
412046597,1002
412046598,1003
412046599,1004
412046600,1005
412046601,1006
412046602,1007
412046603,1008
412046604,1009
412046605,1010
412046606,1011
412046607,1001
412046608,1002
412046609,1003
412046610,1004
412046611,1005
412046612,1006
412046613,1007
412046614,1008
412046615,1009
412046616,1010
412046617,1011
412046618,1001
412046619,1002
412046620,1003
412046621,1004
412046622,1005
412046623,1006
412046624,1007
412046625,1008
412046626,1009
412046627,1010
412046628,1011
412046629,1001
412046630,1002
412046631,1003
412046632,1004
412046633,1005
412046634,1006
412046635,1007
412046636,1008
412046637,1009
412046638,1010
412046639,1011
412046640,1001
412046641,1002
412046642,1003
412046643,1004
412046644,1005
412046645,1006
412046646,1007
412046647,1008
412046648,1009
412046649,1010
412046650,1011
412046651,1001
412046652,1002
412046653,1003
412046654,1004
412046655,1005
412046656,1006
412046657,1007
412046658,1008
412046659,1009
412046660,1010
412046661,1011
412046662,1001
412046663,1002
412046664,1003
412046665,1004
412046666,1005
412046667,1006
412046668,1007
412046669,1008
412046670,1009
412046671,1010
412046672,1011
412046673,1001
412046674,1002
412046675,1003
412046676,1004
412046677,1005
412046678,1006
412046679,1007
412046680,1008
412046681,1009
412046682,1010
412046683,1011
412046684,1001
412046685,1002
412046686,1003
412046687,1004
412046688,1005
412046689,1006
412046690,1007
412046691,1008
412046692,1009
412046693,1010
412046694,1011
412046695,1001
412046696,1002
412046697,1003
412046698,1004
412046699,1005
412046700,1006
412046701,1007
412046702,1008
412046703,1009
412046704,1010
412046705,1011
412046706,1001
412046707,1002
412046708,1003
412046709,1004
412046710,1005
412046711,1006
412046712,1007
412046713,1008
412046714,1009
412046715,1010
412046716,1011
412046717,1001
412046718,1002
412046719,1003
412046720,1004
412046721,1005
412046722,1006
412046723,1007
412046724,1008
412046725,1009
412046726,1010
412046727,1011
412046728,1001
412046729,1002
412046730,1003
412046731,1004
412046732,1005
412046733,1006
412046734,1007
412046735,1008
412046736,1009
412046737,1010
412046738,1011
412046739,1001
412046740,1002
412046741,1003
412046742,1004
412046743,1005
412046744,1006
412046745,1007
412046746,1008
412046747,1009
412046748,1010
412046749,1011
412046750,1001
412046751,1002
412046752,1003
412046753,1004
412046754,1005
412046755,1006
412046756,1007
412046757,1008
412046758,1009
412046759,1010
412046760,1011
412046761,1001
412046762,1002
412046763,1003
412046764,1004
412046765,1005
412046766,1006
412046767,1007
412046768,1008
412046769,1009
412046770,1010
412046771,1011
412046772,1001
412046773,1002
412046774,1003
412046775,1004
412046776,1005
412046777,1006
412046778,1007
412046779,1008
412046780,1009
412046781,1010
412046782,1011
412046783,1001
412046784,1002
412046785,1003
412046786,1004
412046787,1005
412046788,1006
412046789,1007
412046790,1008
412046791,1009
412046792,1010
412046793,1011
412046794,1001
412046795,1002
412046796,1003
412046797,1004
412046798,1005
412046799,1006
412046800,1007
412046801,1008
412046802,1009
412046803,1010
412046804,1011
412046805,1001
412046806,1002
412046807,1003
412046808,1004
412046809,1005
412046810,1006
412046811,1007
412046812,1008
412046813,1009
412046814,1010
412046815,1011
412046816,1001
412046817,1002
412046818,1003
412046819,1004
412046820,1005
412046821,1006
412046822,1007
412046823,1008
412046824,1009
412046825,1010
412046826,1011
412046827,1001
412046828,1002
412046829,1003
412046830,1004
412046831,1005
412046832,1006
412046833,1007
412046834,1008
412046835,1009
412046836,1010
412046837,1011
412046838,1001
412046839,1002
412046840,1003
412046841,1004
412046842,1005
412046843,1006
412046844,1007
412046845,1008
412046846,1009
412046847,1010
412046848,1011
412046849,1001
412046850,1002
412046851,1003
412046852,1004
412046853,1005
412046854,1006
412046855,1007
412046856,1008
412046857,1009
412046858,1010
412046859,1011
412046860,1001
412046861,1002
412046862,1003
412046863,1004
412046864,1005
412046865,1006
412046866,1007
412046867,1008
412046868,1009
412046869,1010
412046870,1011
412046871,1001
412046872,1002
412046873,1003
412046874,1004
412046875,1005
412046876,1006
412046877,1007
412046878,1008
412046879,1009
412046880,1010
412046881,1011
412046882,1001
412046883,1002
412046884,1003
412046885,1004
412046886,1005
412046887,1006
412046888,1007
412046889,1008
412046890,1009
412046891,1010
412046892,1011
412046893,1001
412046894,1002
412046895,1003
412046896,1004
412046897,1005
412046898,1006
412046899,1007
412046900,1008
412046901,1009
412046902,1010
412046903,1011
412046904,1001
412046905,1002
412046906,1003
412046907,1004
412046908,1005
412046909,1006
412046910,1007
412046911,1008
412046912,1009
412046913,1010
412046914,1011
412046915,1001
412046916,1002
412046917,1003
412046918,1004
412046919,1005
412046920,1006
412046921,1007
412046922,1008
412046923,1009
412046924,1010
412046925,1011
412046926,1001
412046927,1002
412046928,1003
412046929,1004
412046930,1005
412046931,1006
412046932,1007
412046933,1008
412046934,1009
412046935,1010
412046936,1011
412046937,1001
412046938,1002
412046939,1003
412046940,1004
412046941,1005
412046942,1006
412046943,1007
412046944,1008
412046945,1009
412046946,1010
412046947,1011
412046948,1001
412046949,1002
412046950,1003
412046951,1004
412046952,1005
412046953,1006
412046954,1007
412046955,1008
412046956,1009
412046957,1010
412046958,1011
412046959,1001
412046960,1002
412046961,1003
412046962,1004
412046963,1005
412046964,1006
412046965,1007
412046966,1008
412046967,1009
412046968,1010
412046969,1011
412046970,1001
412046971,1002
412046972,1003
412046973,1004
412046974,1005
412046975,1006
412046976,1007
412046977,1008
412046978,1009
412046979,1010
412046980,1011
412046981,1001
412046982,1002
412046983,1003
412046984,1004
412046985,1005
412046986,1006
412046987,1007
412046988,1008
412046989,1009
412046990,1010
412046991,1011
412046992,1001
412046993,1002
412046994,1003
412046995,1004
412046996,1005
412046997,1006
412046998,1007
412046999,1008
412047000,1009
412047001,1010
412047002,1011
412047003,1001
412047004,1002
412047005,1003
412047006,1004
412047007,1005
412047008,1006
412047009,1007
412047010,1008
412047011,1009
412047012,1010
412047013,1011
412047014,1001
412047015,1002
412047016,1003
412047017,1004
412047018,1005
412047019,1006
412047020,1007
412047021,1008
412047022,1009
412047023,1010
412047024,1011
412047025,1001
412047026,1002
412047027,1003
412047028,1004
412047029,1005
412047030,1006
412047031,1007
412047032,1008
412047033,1009
412047034,1010
412047035,1011
412047036,1001
412047037,1002
412047038,1003
412047039,1004
412047040,1005
412047041,1006
412047042,1007
412047043,1008
412047044,1009
412047045,1010
412047046,1011
412047047,1001
412047048,1002
412047049,1003
412047050,1004
412047051,1005
412047052,1006
412047053,1007
412047054,1008
412047055,1009
412047056,1010
412047057,1011
412047058,1001
412047059,1002
412047060,1003
412047061,1004
412047062,1005
412047063,1006
412047064,1007
412047065,1008
412047066,1009
412047067,1010
412047068,1011
412047069,1001
412047070,1002
412047071,1003
412047072,1004
412047073,1005
412047074,1006
412047075,1007
412047076,1008
412047077,1009
412047078,1010
412047079,1011
412047080,1001
412047081,1002
412047082,1003
412047083,1004
412047084,1005
412047085,1006
412047086,1007
412047087,1008
412047088,1009
412047089,1010
412047090,1011
412047091,1001
412047092,1002
412047093,1003
412047094,1004
412047095,1005
412047096,1006
412047097,1007
412047098,1008
412047099,1009
412047100,1010
412047101,1011
412047102,1001
412047103,1002
412047104,1003
412047105,1004
412047106,1005
412047107,1006
412047108,1007
412047109,1008
412047110,1009
412047111,1010
412047112,1011
412047113,1001
412047114,1002
412047115,1003
412047116,1004
412047117,1005
412047118,1006
412047119,1007
412047120,1008
412047121,1009
412047122,1010
412047123,1011
412047124,1001
412047125,1002
412047126,1003
412047127,1004
412047128,1005
412047129,1006
412047130,1007
412047131,1008
412047132,1009
412047133,1010
412047134,1011
412047135,1001
412047136,1002
412047137,1003
412047138,1004
412047139,1005
412047140,1006
412047141,1007
412047142,1008
412047143,1009
412047144,1010
412047145,1011
412047146,1001
412047147,1002
412047148,1003
412047149,1004
412047150,1005
412047151,1006
412047152,1007
412047153,1008
412047154,1009
412047155,1010
412047156,1011
412047157,1001
412047158,1002
412047159,1003
412047160,1004
412047161,1005
412047162,1006
412047163,1007
412047164,1008
412047165,1009
412047166,1010
412047167,1011
412047168,1001
412047169,1002
412047170,1003
412047171,1004
412047172,1005
412047173,1006
412047174,1007
412047175,1008
412047176,1009
412047177,1010
412047178,1011
412047179,1001
412047180,1002
412047181,1003
412047182,1004
412047183,1005
412047184,1006
412047185,1007
412047186,1008
412047187,1009
412047188,1010
412047189,1011
412047190,1001
412047191,1002
412047192,1003
412047193,1004
412047194,1005
412047195,1006
412047196,1007
412047197,1008
412047198,1009
412047199,1010
412047200,1011
412047201,1001
412047202,1002
412047203,1003
412047204,1004
412047205,1005
412047206,1006
412047207,1007
412047208,1008
412047209,1009
412047210,1010
412047211,1011
412047212,1001
412047213,1002
412047214,1003
412047215,1004
412047216,1005
412047217,1006
412047218,1007
412047219,1008
412047220,1009
412047221,1010
412047222,1011
412047223,1001
412047224,1002
412047225,1003
412047226,1004
412047227,1005
412047228,1006
412047229,1007
412047230,1008
412047231,1009
412047232,1010
412047233,1011
412047234,1001
412047235,1002
412047236,1003
412047237,1004
412047238,1005
412047239,1006
412047240,1007
412047241,1008
412047242,1009
412047243,1010
412047244,1011
412047245,1001
412047246,1002
412047247,1003
412047248,1004
412047249,1005
412047250,1006
412047251,1007
412047252,1008
412047253,1009
412047254,1010
412047255,1011
412047256,1001
412047257,1002
412047258,1003
412047259,1004
412047260,1005
412047261,1006
412047262,1007
412047263,1008
412047264,1009
412047265,1010
412047266,1011
412047267,1001
412047268,1002
412047269,1003
412047270,1004
412047271,1005
412047272,1006
412047273,1007
412047274,1008
412047275,1009
412047276,1010
412047277,1011
412047278,1001
412047279,1002
412047280,1003
412047281,1004
412047282,1005
412047283,1006
412047284,1007
412047285,1008
412047286,1009
412047287,1010
412047288,1011
412047289,1001
412047290,1002
412047291,1003
412047292,1004
412047293,1005
412047294,1006
412047295,1007
412047296,1008
412047297,1009
412047298,1010
412047299,1011
412047300,1001
412047301,1002
412047302,1003
412047303,1004
412047304,1005
412047305,1006
412047306,1007
412047307,1008
412047308,1009
412047309,1010
412047310,1011
412047311,1001
412047312,1002
412047313,1003
412047314,1004
412047315,1005
412047316,1006
412047317,1007
412047318,1008
412047319,1009
412047320,1010
412047321,1011
412047322,1001
412047323,1002
412047324,1003
412047325,1004
412047326,1005
412047327,1006
412047328,1007
412047329,1008
412047330,1009
412047331,1010
412047332,1011
412047333,1001
412047334,1002
412047335,1003
412047336,1004
412047337,1005
412047338,1006
412047339,1007
412047340,1008
412047341,1009
412047342,1010
412047343,1011
412047344,1001
412047345,1002
412047346,1003
412047347,1004
412047348,1005
412047349,1006
412047350,1007
412047351,1008
412047352,1009
412047353,1010
412047354,1011
412047355,1001
412047356,1002
412047357,1003
412047358,1004
412047359,1005
412047360,1006
412047361,1007
412047362,1008
412047363,1009
412047364,1010
412047365,1011
412047366,1001
412047367,1002
412047368,1003
412047369,1004
412047370,1005
412047371,1006
412047372,1007
412047373,1008
412047374,1009
412047375,1010
412047376,1011
412047377,1001
412047378,1002
412047379,1003
412047380,1004
412047381,1005
412047382,1006
412047383,1007
412047384,1008
412047385,1009
412047386,1010
412047387,1011
412047388,1001
412047389,1002
412047390,1003
412047391,1004
412047392,1005
412047393,1006
412047394,1007
412047395,1008
412047396,1009
412047397,1010
412047398,1011
412047399,1001
412047400,1002
412047401,1003
412047402,1004
412047403,1005
412047404,1006
412047405,1007
412047406,1008
412047407,1009
412047408,1010
412047409,1011
412047410,1001
412047411,1002
412047412,1003
412047413,1004
412047414,1005
412047415,1006
412047416,1007
412047417,1008
412047418,1009
412047419,1010
412047420,1011
412047421,1001
412047422,1002
412047423,1003
412047424,1004
412047425,1005
412047426,1006
412047427,1007
412047428,1008
412047429,1009
412047430,1010
412047431,1011
412047432,1001
412047433,1002
412047434,1003
412047435,1004
412047436,1005
412047437,1006
412047438,1007
412047439,1008
412047440,1009
412047441,1010
412047442,1011
412047443,1001
412047444,1002
412047445,1003
412047446,1004
412047447,1005
412047448,1006
412047449,1007
412047450,1008
412047451,1009
412047452,1010
412047453,1011
412047454,1001
412047455,1002
412047456,1003
412047457,1004
412047458,1005
412047459,1006
412047460,1007
412047461,1008
412047462,1009
412047463,1010
412047464,1011
412047465,1001
412047466,1002
412047467,1003
412047468,1004
412047469,1005
412047470,1006
412047471,1007
412047472,1008
412047473,1009
412047474,1010
412047475,1011
412047476,1001
412047477,1002
412047478,1003
412047479,1004
412047480,1005
412047481,1006
412047482,1007
412047483,1008
412047484,1009
412047485,1010
412047486,1011
412047487,1001
412047488,1002
412047489,1003
412047490,1004
412047491,1005
412047492,1006
412047493,1007
412047494,1008
412047495,1009
412047496,1010
412047497,1011
412047498,1001
412047499,1002
412047500,1003
412047501,1004
412047502,1005
412047503,1006
412047504,1007
412047505,1008
412047506,1009
412047507,1010
412047508,1011
412047509,1001
412047510,1002
412047511,1003
412047512,1004
412047513,1005
412047514,1006
412047515,1007
412047516,1008
412047517,1009
412047518,1010
412047519,1011
412047520,1001
412047521,1002
412047522,1003
412047523,1004
412047524,1005
412047525,1006
412047526,1007
412047527,1008
412047528,1009
412047529,1010
412047530,1011
412047531,1001
412047532,1002
412047533,1003
412047534,1004
412047535,1005
412047536,1006
412047537,1007
412047538,1008
412047539,1009
412047540,1010
412047541,1011
412047542,1001
412047543,1002
412047544,1003
412047545,1004
412047546,1005
412047547,1006
412047548,1007
412047549,1008
412047550,1009
412047551,1010
412047552,1011
412047553,1001
412047554,1002
412047555,1003
412047556,1004
412047557,1005
412047558,1006
412047559,1007
412047560,1008
412047561,1009
412047562,1010
412047563,1011
412047564,1001
412047565,1002
412047566,1003
412047567,1004
412047568,1005
412047569,1006
412047570,1007
412047571,1008
412047572,1009
412047573,1010
412047574,1011
412047575,1001
412047576,1002
412047577,1003
412047578,1004
412047579,1005
412047580,1006
412047581,1007
412047582,1008
412047583,1009
412047584,1010
412047585,1011
412047586,1001
412047587,1002
412047588,1003
412047589,1004
412047590,1005
412047591,1006
412047592,1007
412047593,1008
412047594,1009
412047595,1010
412047596,1011
412047597,1001
412047598,1002
412047599,1003
412047600,1004
412047601,1005
412047602,1006
412047603,1007
412047604,1008
412047605,1009
412047606,1010
412047607,1011
412047608,1001
412047609,1002
412047610,1003
412047611,1004
412047612,1005
412047613,1006
412047614,1007
412047615,1008
412047616,1009
412047617,1010
412047618,1011
412047619,1001
412047620,1002
412047621,1003
412047622,1004
412047623,1005
412047624,1006
412047625,1007
412047626,1008
412047627,1009
412047628,1010
412047629,1011
412047630,1001
412047631,1002
412047632,1003
412047633,1004
412047634,1005
412047635,1006
412047636,1007
412047637,1008
412047638,1009
412047639,1010
412047640,1011
412047641,1001
412047642,1002
412047643,1003
412047644,1004
412047645,1005
412047646,1006
412047647,1007
412047648,1008
412047649,1009
412047650,1010
412047651,1011
412047652,1001
412047653,1002
412047654,1003
412047655,1004
412047656,1005
412047657,1006
412047658,1007
412047659,1008
412047660,1009
412047661,1010
412047662,1011
412047663,1001
412047664,1002
412047665,1003
412047666,1004
412047667,1005
412047668,1006
412047669,1007
412047670,1008
412047671,1009
412047672,1010
412047673,1011
412047674,1001
412047675,1002
412047676,1003
412047677,1004
412047678,1005
412047679,1006
412047680,1007
412047681,1008
412047682,1009
412047683,1010
412047684,1011
412047685,1001
412047686,1002
412047687,1003
412047688,1004
412047689,1005
412047690,1006
412047691,1007
412047692,1008
412047693,1009
412047694,1010
412047695,1011
412047696,1001
412047697,1002
412047698,1003
412047699,1004
412047700,1005
412047701,1006
412047702,1007
412047703,1008
412047704,1009
412047705,1010
412047706,1011
412047707,1001
412047708,1002
412047709,1003
412047710,1004
412047711,1005
412047712,1006
412047713,1007
412047714,1008
412047715,1009
412047716,1010
412047717,1011
412047718,1001
412047719,1002
412047720,1003
412047721,1004
412047722,1005
412047723,1006
412047724,1007
412047725,1008
412047726,1009
412047727,1010
412047728,1011
412047729,1001
412047730,1002
412047731,1003
412047732,1004
412047733,1005
412047734,1006
412047735,1007
412047736,1008
412047737,1009
412047738,1010
412047739,1011
412047740,1001
412047741,1002
412047742,1003
412047743,1004
412047744,1005
412047745,1006
412047746,1007
412047747,1008
412047748,1009
412047749,1010
412047750,1011
412047751,1001
412047752,1002
412047753,1003
412047754,1004
412047755,1005
412047756,1006
412047757,1007
412047758,1008
412047759,1009
412047760,1010
412047761,1011
412047762,1001
412047763,1002
412047764,1003
412047765,1004
412047766,1005
412047767,1006
412047768,1007
412047769,1008
412047770,1009
412047771,1010
412047772,1011
412047773,1001
412047774,1002
412047775,1003
412047776,1004
412047777,1005
412047778,1006
412047779,1007
412047780,1008
412047781,1009
412047782,1010
412047783,1011
412047784,1001
412047785,1002
412047786,1003
412047787,1004
412047788,1005
412047789,1006
412047790,1007
412047791,1008
412047792,1009
412047793,1010
412047794,1011
412047795,1001
412047796,1002
412047797,1003
412047798,1004
412047799,1005
412047800,1006
412047801,1007
412047802,1008
412047803,1009
412047804,1010
412047805,1011
412047806,1001
412047807,1002
412047808,1003
412047809,1004
412047810,1005
412047811,1006
412047812,1007
412047813,1008
412047814,1009
412047815,1010
412047816,1011
412047817,1001
412047818,1002
412047819,1003
412047820,1004
412047821,1005
412047822,1006
412047823,1007
412047824,1008
412047825,1009
412047826,1010
412047827,1011
412047828,1001
412047829,1002
412047830,1003
412047831,1004
412047832,1005
412047833,1006
412047834,1007
412047835,1008
412047836,1009
412047837,1010
412047838,1011
412047839,1001
412047840,1002
412047841,1003
412047842,1004
412047843,1005
412047844,1006
412047845,1007
412047846,1008
412047847,1009
412047848,1010
412047849,1011
412047850,1001
412047851,1002
412047852,1003
412047853,1004
412047854,1005
412047855,1006
412047856,1007
412047857,1008
412047858,1009
412047859,1010
412047860,1011
412047861,1001
412047862,1002
412047863,1003
412047864,1004
412047865,1005
412047866,1006
412047867,1007
412047868,1008
412047869,1009
412047870,1010
412047871,1011
412047872,1001
412047873,1002
412047874,1003
412047875,1004
412047876,1005
412047877,1006
412047878,1007
412047879,1008
412047880,1009
412047881,1010
412047882,1011
412047883,1001
412047884,1002
412047885,1003
412047886,1004
412047887,1005
412047888,1006
412047889,1007
412047890,1008
412047891,1009
412047892,1010
412047893,1011
412047894,1001
412047895,1002
412047896,1003
412047897,1004
412047898,1005
412047899,1006
412047900,1007
412047901,1008
412047902,1009
412047903,1010
412047904,1011
412047905,1001
412047906,1002
412047907,1003
412047908,1004
412047909,1005
412047910,1006
412047911,1007
412047912,1008
412047913,1009
412047914,1010
412047915,1011
412047916,1001
412047917,1002
412047918,1003
412047919,1004
412047920,1005
412047921,1006
412047922,1007
412047923,1008
412047924,1009
412047925,1010
412047926,1011
412047927,1001
412047928,1002
412047929,1003
412047930,1004
412047931,1005
412047932,1006
412047933,1007
412047934,1008
412047935,1009
412047936,1010
412047937,1011
412047938,1001
412047939,1002
412047940,1003
412047941,1004
412047942,1005
412047943,1006
412047944,1007
412047945,1008
412047946,1009
412047947,1010
412047948,1011
412047949,1001
412047950,1002
412047951,1003
412047952,1004
412047953,1005
412047954,1006
412047955,1007
412047956,1008
412047957,1009
412047958,1010
412047959,1011
412047960,1001
412047961,1002
412047962,1003
412047963,1004
412047964,1005
412047965,1006
412047966,1007
412047967,1008
412047968,1009
412047969,1010
412047970,1011
412047971,1001
412047972,1002
412047973,1003
412047974,1004
412047975,1005
412047976,1006
412047977,1007
412047978,1008
412047979,1009
412047980,1010
412047981,1011
412047982,1001
412047983,1002
412047984,1003
412047985,1004
412047986,1005
412047987,1006
412047988,1007
412047989,1008
412047990,1009
412047991,1010
412047992,1011
412047993,1001
412047994,1002
412047995,1003
412047996,1004
412047997,1005
412047998,1006
412047999,1007
412048000,1008
412048001,1009
412048002,1010
412048003,1011
412048004,1001
412048005,1002
412048006,1003
412048007,1004
412048008,1005
412048009,1006
412048010,1007
412048011,1008
412048012,1009
412048013,1010
412048014,1011
412048015,1001
412048016,1002
412048017,1003
412048018,1004
412048019,1005
412048020,1006
412048021,1007
412048022,1008
412048023,1009
412048024,1010
412048025,1011
412048026,1001
412048027,1002
412048028,1003
412048029,1004
412048030,1005
412048031,1006
412048032,1007
412048033,1008
412048034,1009
412048035,1010
412048036,1011
412048037,1001
412048038,1002
412048039,1003
412048040,1004
412048041,1005
412048042,1006
412048043,1007
412048044,1008
412048045,1009
412048046,1010
412048047,1011
412048048,1001
412048049,1002
412048050,1003
412048051,1004
412048052,1005
412048053,1006
412048054,1007
412048055,1008
412048056,1009
412048057,1010
412048058,1011
412048059,1001
412048060,1002
412048061,1003
412048062,1004
412048063,1005
412048064,1006
412048065,1007
412048066,1008
412048067,1009
412048068,1010
412048069,1011
412048070,1001
412048071,1002
412048072,1003
412048073,1004
412048074,1005
412048075,1006
412048076,1007
412048077,1008
412048078,1009
412048079,1010
412048080,1011
412048081,1001
412048082,1002
412048083,1003
412048084,1004
412048085,1005
412048086,1006
412048087,1007
412048088,1008
412048089,1009
412048090,1010
412048091,1011
412048092,1001
412048093,1002
412048094,1003
412048095,1004
412048096,1005
412048097,1006
412048098,1007
412048099,1008
412048100,1009
412048101,1010
412048102,1011
412048103,1001
412048104,1002
412048105,1003
412048106,1004
412048107,1005
412048108,1006
412048109,1007
412048110,1008
412048111,1009
412048112,1010
412048113,1011
412048114,1001
412048115,1002
412048116,1003
412048117,1004
412048118,1005
412048119,1006
412048120,1007
412048121,1008
412048122,1009
412048123,1010
412048124,1011
412048125,1001
412048126,1002
412048127,1003
412048128,1004
412048129,1005
412048130,1006
412048131,1007
412048132,1008
412048133,1009
412048134,1010
412048135,1011
412048136,1001
412048137,1002
412048138,1003
412048139,1004
412048140,1005
412048141,1006
412048142,1007
412048143,1008
412048144,1009
412048145,1010
412048146,1011
412048147,1001
412048148,1002
412048149,1003
412048150,1004
412048151,1005
412048152,1006
412048153,1007
412048154,1008
412048155,1009
412048156,1010
412048157,1011
412048158,1001
412048159,1002
412048160,1003
412048161,1004
412048162,1005
412048163,1006
412048164,1007
412048165,1008
412048166,1009
412048167,1010
412048168,1011
412048169,1001
412048170,1002
412048171,1003
412048172,1004
412048173,1005
412048174,1006
412048175,1007
412048176,1008
412048177,1009
412048178,1010
412048179,1011
412048180,1001
412048181,1002
412048182,1003
412048183,1004
412048184,1005
412048185,1006
412048186,1007
412048187,1008
412048188,1009
412048189,1010
412048190,1011
412048191,1001
412048192,1002
412048193,1003
412048194,1004
412048195,1005
412048196,1006
412048197,1007
412048198,1008
412048199,1009
412048200,1010
412048201,1011
412048202,1001
412048203,1002
412048204,1003
412048205,1004
412048206,1005
412048207,1006
412048208,1007
412048209,1008
412048210,1009
412048211,1010
412048212,1011
412048213,1001
412048214,1002
412048215,1003
412048216,1004
412048217,1005
412048218,1006
412048219,1007
412048220,1008
412048221,1009
412048222,1010
412048223,1011
412048224,1001
412048225,1002
412048226,1003
412048227,1004
412048228,1005
412048229,1006
412048230,1007
412048231,1008
412048232,1009
412048233,1010
412048234,1011
412048235,1001
412048236,1002
412048237,1003
412048238,1004
412048239,1005
412048240,1006
412048241,1007
412048242,1008
412048243,1009
412048244,1010
412048245,1011
412048246,1001
412048247,1002
412048248,1003
412048249,1004
412048250,1005
412048251,1006
412048252,1007
412048253,1008
412048254,1009
412048255,1010
412048256,1011
412048257,1001
412048258,1002
412048259,1003
412048260,1004
412048261,1005
412048262,1006
412048263,1007
412048264,1008
412048265,1009
412048266,1010
412048267,1011
412048268,1001
412048269,1002
412048270,1003
412048271,1004
412048272,1005
412048273,1006
412048274,1007
412048275,1008
412048276,1009
412048277,1010
412048278,1011
412048279,1001
412048280,1002
412048281,1003
412048282,1004
412048283,1005
412048284,1006
412048285,1007
412048286,1008
412048287,1009
412048288,1010
412048289,1011
412048290,1001
412048291,1002
412048292,1003
412048293,1004
412048294,1005
412048295,1006
412048296,1007
412048297,1008
412048298,1009
412048299,1010
412048300,1011
412048301,1001
412048302,1002
412048303,1003
412048304,1004
412048305,1005
412048306,1006
412048307,1007
412048308,1008
412048309,1009
412048310,1010
412048311,1011
412048312,1001
412048313,1002
412048314,1003
412048315,1004
412048316,1005
412048317,1006
412048318,1007
412048319,1008
412048320,1009
412048321,1010
412048322,1011
412048323,1001
412048324,1002
412048325,1003
412048326,1004
412048327,1005
412048328,1006
412048329,1007
412048330,1008
412048331,1009
412048332,1010
412048333,1011
412048334,1001
412048335,1002
412048336,1003
412048337,1004
412048338,1005
412048339,1006
412048340,1007
412048341,1008
412048342,1009
412048343,1010
412048344,1011
412048345,1001
412048346,1002
412048347,1003
412048348,1004
412048349,1005
412048350,1006
412048351,1007
412048352,1008
412048353,1009
412048354,1010
412048355,1011
412048356,1001
412048357,1002
412048358,1003
412048359,1004
412048360,1005
412048361,1006
412048362,1007
412048363,1008
412048364,1009
412048365,1010
412048366,1011
412048367,1001
412048368,1002
412048369,1003
412048370,1004
412048371,1005
412048372,1006
412048373,1007
412048374,1008
412048375,1009
412048376,1010
412048377,1011
412048378,1001
412048379,1002
412048380,1003
412048381,1004
412048382,1005
412048383,1006
412048384,1007
412048385,1008
412048386,1009
412048387,1010
412048388,1011
412048389,1001
412048390,1002
412048391,1003
412048392,1004
412048393,1005
412048394,1006
412048395,1007
412048396,1008
412048397,1009
412048398,1010
412048399,1011
412048400,1001
412048401,1002
412048402,1003
412048403,1004
412048404,1005
412048405,1006
412048406,1007
412048407,1008
412048408,1009
412048409,1010
412048410,1011
412048411,1001
412048412,1002
412048413,1003
412048414,1004
412048415,1005
412048416,1006
412048417,1007
412048418,1008
412048419,1009
412048420,1010
412048421,1011
412048422,1001
412048423,1002
412048424,1003
412048425,1004
412048426,1005
412048427,1006
412048428,1007
412048429,1008
412048430,1009
412048431,1010
412048432,1011
412048433,1001
412048434,1002
412048435,1003
412048436,1004
412048437,1005
412048438,1006
412048439,1007
412048440,1008
412048441,1009
412048442,1010
412048443,1011
412048444,1001
412048445,1002
412048446,1003
412048447,1004
412048448,1005
412048449,1006
412048450,1007
412048451,1008
412048452,1009
412048453,1010
412048454,1011
412048455,1001
412048456,1002
412048457,1003
412048458,1004
412048459,1005
412048460,1006
412048461,1007
412048462,1008
412048463,1009
412048464,1010
412048465,1011
412048466,1001
412048467,1002
412048468,1003
412048469,1004
412048470,1005
412048471,1006
412048472,1007
412048473,1008
412048474,1009
412048475,1010
412048476,1011
412048477,1001
412048478,1002
412048479,1003
412048480,1004
412048481,1005
412048482,1006
412048483,1007
412048484,1008
412048485,1009
412048486,1010
412048487,1011
412048488,1001
412048489,1002
412048490,1003
412048491,1004
412048492,1005
412048493,1006
412048494,1007
412048495,1008
412048496,1009
412048497,1010
412048498,1011
412048499,1001
412048500,1002
412048501,1003
412048502,1004
412048503,1005
412048504,1006
412048505,1007
412048506,1008
412048507,1009
412048508,1010
412048509,1011
412048510,1001
412048511,1002
412048512,1003
412048513,1004
412048514,1005
412048515,1006
412048516,1007
412048517,1008
412048518,1009
412048519,1010
412048520,1011
412048521,1001
412048522,1002
412048523,1003
412048524,1004
412048525,1005
412048526,1006
412048527,1007
412048528,1008
412048529,1009
412048530,1010
412048531,1011
412048532,1001
412048533,1002
412048534,1003
412048535,1004
412048536,1005
412048537,1006
412048538,1007
412048539,1008
412048540,1009
412048541,1010
412048542,1011
412048543,1001
412048544,1002
412048545,1003
412048546,1004
412048547,1005
412048548,1006
412048549,1007
412048550,1008
412048551,1009
412048552,1010
412048553,1011
412048554,1001
412048555,1002
412048556,1003
412048557,1004
412048558,1005
412048559,1006
412048560,1007
412048561,1008
412048562,1009
412048563,1010
412048564,1011
412048565,1001
412048566,1002
412048567,1003
412048568,1004
412048569,1005
412048570,1006
412048571,1007
412048572,1008
412048573,1009
412048574,1010
412048575,1011
412048576,1001
412048577,1002
412048578,1003
412048579,1004
412048580,1005
412048581,1006
412048582,1007
412048583,1008
412048584,1009
412048585,1010
412048586,1011
412048587,1001
412048588,1002
412048589,1003
412048590,1004
412048591,1005
412048592,1006
412048593,1007
412048594,1008
412048595,1009
412048596,1010
412048597,1011
412048598,1001
412048599,1002
412048600,1003
412048601,1004
412048602,1005
412048603,1006
412048604,1007
412048605,1008
412048606,1009
412048607,1010
412048608,1011
412048609,1001
412048610,1002
412048611,1003
412048612,1004
412048613,1005
412048614,1006
412048615,1007
412048616,1008
412048617,1009
412048618,1010
412048619,1011
412048620,1001
412048621,1002
412048622,1003
412048623,1004
412048624,1005
412048625,1006
412048626,1007
412048627,1008
412048628,1009
412048629,1010
412048630,1011
412048631,1001
412048632,1002
412048633,1003
412048634,1004
412048635,1005
412048636,1006
412048637,1007
412048638,1008
412048639,1009
412048640,1010
412048641,1011
412048642,1001
412048643,1002
412048644,1003
412048645,1004
412048646,1005
412048647,1006
412048648,1007
412048649,1008
412048650,1009
412048651,1010
412048652,1011
412048653,1001
412048654,1002
412048655,1003
412048656,1004
412048657,1005
412048658,1006
412048659,1007
412048660,1008
412048661,1009
412048662,1010
412048663,1011
412048664,1001
412048665,1002
412048666,1003
412048667,1004
412048668,1005
412048669,1006
412048670,1007
412048671,1008
412048672,1009
412048673,1010
412048674,1011
412048675,1001
412048676,1002
412048677,1003
412048678,1004
412048679,1005
412048680,1006
412048681,1007
412048682,1008
412048683,1009
412048684,1010
412048685,1011
412048686,1001
412048687,1002
412048688,1003
412048689,1004
412048690,1005
412048691,1006
412048692,1007
412048693,1008
412048694,1009
412048695,1010
412048696,1011
412048697,1001
412048698,1002
412048699,1003
412048700,1004
412048701,1005
412048702,1006
412048703,1007
412048704,1008
412048705,1009
412048706,1010
412048707,1011
412048708,1001
412048709,1002
412048710,1003
412048711,1004
412048712,1005
412048713,1006
412048714,1007
412048715,1008
412048716,1009
412048717,1010
412048718,1011
412048719,1001
412048720,1002
412048721,1003
412048722,1004
412048723,1005
412048724,1006
412048725,1007
412048726,1008
412048727,1009
412048728,1010
412048729,1011
412048730,1001
412048731,1002
412048732,1003
412048733,1004
412048734,1005
412048735,1006
412048736,1007
412048737,1008
412048738,1009
412048739,1010
412048740,1011
412048741,1001
412048742,1002
412048743,1003
412048744,1004
412048745,1005
412048746,1006
412048747,1007
412048748,1008
412048749,1009
412048750,1010
412048751,1011
412048752,1001
412048753,1002
412048754,1003
412048755,1004
412048756,1005
412048757,1006
412048758,1007
412048759,1008
412048760,1009
412048761,1010
412048762,1011
412048763,1001
412048764,1002
412048765,1003
412048766,1004
412048767,1005
412048768,1006
412048769,1007
412048770,1008
412048771,1009
412048772,1010
412048773,1011
412048774,1001
412048775,1002
412048776,1003
412048777,1004
412048778,1005
412048779,1006
412048780,1007
412048781,1008
412048782,1009
412048783,1010
412048784,1011
412048785,1001
412048786,1002
412048787,1003
412048788,1004
412048789,1005
412048790,1006
412048791,1007
412048792,1008
412048793,1009
412048794,1010
412048795,1011
412048796,1001
412048797,1002
412048798,1003
412048799,1004
412048800,1005
412048801,1006
412048802,1007
412048803,1008
412048804,1009
412048805,1010
412048806,1011
412048807,1001
412048808,1002
412048809,1003
412048810,1004
412048811,1005
412048812,1006
412048813,1007
412048814,1008
412048815,1009
412048816,1010
412048817,1011
412048818,1001
412048819,1002
412048820,1003
412048821,1004
412048822,1005
412048823,1006
412048824,1007
412048825,1008
412048826,1009
412048827,1010
412048828,1011
412048829,1001
412048830,1002
412048831,1003
412048832,1004
412048833,1005
412048834,1006
412048835,1007
412048836,1008
412048837,1009
412048838,1010
412048839,1011
412048840,1001
412048841,1002
412048842,1003
412048843,1004
412048844,1005
412048845,1006
412048846,1007
412048847,1008
412048848,1009
412048849,1010
412048850,1011
412048851,1001
412048852,1002
412048853,1003
412048854,1004
412048855,1005
412048856,1006
412048857,1007
412048858,1008
412048859,1009
412048860,1010
412048861,1011
412048862,1001
412048863,1002
412048864,1003
412048865,1004
412048866,1005
412048867,1006
412048868,1007
412048869,1008
412048870,1009
412048871,1010
412048872,1011
412048873,1001
412048874,1002
412048875,1003
412048876,1004
412048877,1005
412048878,1006
412048879,1007
412048880,1008
412048881,1009
412048882,1010
412048883,1011
412048884,1001
412048885,1002
412048886,1003
412048887,1004
412048888,1005
412048889,1006
412048890,1007
412048891,1008
412048892,1009
412048893,1010
412048894,1011
412048895,1001
412048896,1002
412048897,1003
412048898,1004
412048899,1005
412048900,1006
412048901,1007
412048902,1008
412048903,1009
412048904,1010
412048905,1011
412048906,1001
412048907,1002
412048908,1003
412048909,1004
412048910,1005
412048911,1006
412048912,1007
412048913,1008
412048914,1009
412048915,1010
412048916,1011
412048917,1001
412048918,1002
412048919,1003
412048920,1004
412048921,1005
412048922,1006
412048923,1007
412048924,1008
412048925,1009
412048926,1010
412048927,1011
412048928,1001
412048929,1002
412048930,1003
412048931,1004
412048932,1005
412048933,1006
412048934,1007
412048935,1008
412048936,1009
412048937,1010
412048938,1011
412048939,1001
412048940,1002
412048941,1003
412048942,1004
412048943,1005
412048944,1006
412048945,1007
412048946,1008
412048947,1009
412048948,1010
412048949,1011
412048950,1001
412048951,1002
412048952,1003
412048953,1004
412048954,1005
412048955,1006
412048956,1007
412048957,1008
412048958,1009
412048959,1010
412048960,1011
412048961,1001
412048962,1002
412048963,1003
412048964,1004
412048965,1005
412048966,1006
412048967,1007
412048968,1008
412048969,1009
412048970,1010
412048971,1011
412048972,1001
412048973,1002
412048974,1003
412048975,1004
412048976,1005
412048977,1006
412048978,1007
412048979,1008
412048980,1009
412048981,1010
412048982,1011
412048983,1001
412048984,1002
412048985,1003
412048986,1004
412048987,1005
412048988,1006
412048989,1007
412048990,1008
412048991,1009
412048992,1010
412048993,1011
412048994,1001
412048995,1002
412048996,1003
412048997,1004
412048998,1005
412048999,1006
412049000,1007
412049001,1008
412049002,1009
412049003,1010
412049004,1011
412049005,1001
412049006,1002
412049007,1003
412049008,1004
412049009,1005
412049010,1006
412049011,1007
412049012,1008
412049013,1009
412049014,1010
412049015,1011
412049016,1001
412049017,1002
412049018,1003
412049019,1004
412049020,1005
412049021,1006
412049022,1007
412049023,1008
412049024,1009
412049025,1010
412049026,1011
412049027,1001
412049028,1002
412049029,1003
412049030,1004
412049031,1005
412049032,1006
412049033,1007
412049034,1008
412049035,1009
412049036,1010
412049037,1011
412049038,1001
412049039,1002
412049040,1003
412049041,1004
412049042,1005
412049043,1006
412049044,1007
412049045,1008
412049046,1009
412049047,1010
412049048,1011
412049049,1001
412049050,1002
412049051,1003
412049052,1004
412049053,1005
412049054,1006
412049055,1007
412049056,1008
412049057,1009
412049058,1010
412049059,1011
412049060,1001
412049061,1002
412049062,1003
412049063,1004
412049064,1005
412049065,1006
412049066,1007
412049067,1008
412049068,1009
412049069,1010
412049070,1011
412049071,1001
412049072,1002
412049073,1003
412049074,1004
412049075,1005
412049076,1006
412049077,1007
412049078,1008
412049079,1009
412049080,1010
412049081,1011
412049082,1001
412049083,1002
412049084,1003
412049085,1004
412049086,1005
412049087,1006
412049088,1007
412049089,1008
412049090,1009
412049091,1010
412049092,1011
412049093,1001
412049094,1002
412049095,1003
412049096,1004
412049097,1005
412049098,1006
412049099,1007
412049100,1008
412049101,1009
412049102,1010
412049103,1011
412049104,1001
412049105,1002
412049106,1003
412049107,1004
412049108,1005
412049109,1006
412049110,1007
412049111,1008
412049112,1009
412049113,1010
412049114,1011
412049115,1001
412049116,1002
412049117,1003
412049118,1004
412049119,1005
412049120,1006
412049121,1007
412049122,1008
412049123,1009
412049124,1010
412049125,1011
412049126,1001
412049127,1002
412049128,1003
412049129,1004
412049130,1005
412049131,1006
412049132,1007
412049133,1008
412049134,1009
412049135,1010
412049136,1011
412049137,1001
412049138,1002
412049139,1003
412049140,1004
412049141,1005
412049142,1006
412049143,1007
412049144,1008
412049145,1009
412049146,1010
412049147,1011
412049148,1001
412049149,1002
412049150,1003
412049151,1004
412049152,1005
412049153,1006
412049154,1007
412049155,1008
412049156,1009
412049157,1010
412049158,1011
412049159,1001
412049160,1002
412049161,1003
412049162,1004
412049163,1005
412049164,1006
412049165,1007
412049166,1008
412049167,1009
412049168,1010
412049169,1011
412049170,1001
412049171,1002
412049172,1003
412049173,1004
412049174,1005
412049175,1006
412049176,1007
412049177,1008
412049178,1009
412049179,1010
412049180,1011
412049181,1001
412049182,1002
412049183,1003
412049184,1004
412049185,1005
412049186,1006
412049187,1007
412049188,1008
412049189,1009
412049190,1010
412049191,1011
412049192,1001
412049193,1002
412049194,1003
412049195,1004
412049196,1005
412049197,1006
412049198,1007
412049199,1008
412049200,1009
412049201,1010
412049202,1011
412049203,1001
412049204,1002
412049205,1003
412049206,1004
412049207,1005
412049208,1006
412049209,1007
412049210,1008
412049211,1009
412049212,1010
412049213,1011
412049214,1001
412049215,1002
412049216,1003
412049217,1004
412049218,1005
412049219,1006
412049220,1007
412049221,1008
412049222,1009
412049223,1010
412049224,1011
412049225,1001
412049226,1002
412049227,1003
412049228,1004
412049229,1005
412049230,1006
412049231,1007
412049232,1008
412049233,1009
412049234,1010
412049235,1011
412049236,1001
412049237,1002
412049238,1003
412049239,1004
412049240,1005
412049241,1006
412049242,1007
412049243,1008
412049244,1009
412049245,1010
412049246,1011
412049247,1001
412049248,1002
412049249,1003
412049250,1004
412049251,1005
412049252,1006
412049253,1007
412049254,1008
412049255,1009
412049256,1010
412049257,1011
412049258,1001
412049259,1002
412049260,1003
412049261,1004
412049262,1005
412049263,1006
412049264,1007
412049265,1008
412049266,1009
412049267,1010
412049268,1011
412049269,1001
412049270,1002
412049271,1003
412049272,1004
412049273,1005
412049274,1006
412049275,1007
412049276,1008
412049277,1009
412049278,1010
412049279,1011
412049280,1001
412049281,1002
412049282,1003
412049283,1004
412049284,1005
412049285,1006
412049286,1007
412049287,1008
412049288,1009
412049289,1010
412049290,1011
412049291,1001
412049292,1002
412049293,1003
412049294,1004
412049295,1005
412049296,1006
412049297,1007
412049298,1008
412049299,1009
412049300,1010
412049301,1011
412049302,1001
412049303,1002
412049304,1003
412049305,1004
412049306,1005
412049307,1006
412049308,1007
412049309,1008
412049310,1009
412049311,1010
412049312,1011
412049313,1001
412049314,1002
412049315,1003
412049316,1004
412049317,1005
412049318,1006
412049319,1007
412049320,1008
412049321,1009
412049322,1010
412049323,1011
412049324,1001
412049325,1002
412049326,1003
412049327,1004
412049328,1005
412049329,1006
412049330,1007
412049331,1008
412049332,1009
412049333,1010
412049334,1011
412049335,1001
412049336,1002
412049337,1003
412049338,1004
412049339,1005
412049340,1006
412049341,1007
412049342,1008
412049343,1009
412049344,1010
412049345,1011
412049346,1001
412049347,1002
412049348,1003
412049349,1004
412049350,1005
412049351,1006
412049352,1007
412049353,1008
412049354,1009
412049355,1010
412049356,1011
412049357,1001
412049358,1002
412049359,1003
412049360,1004
412049361,1005
412049362,1006
412049363,1007
412049364,1008
412049365,1009
412049366,1010
412049367,1011
412049368,1001
412049369,1002
412049370,1003
412049371,1004
412049372,1005
412049373,1006
412049374,1007
412049375,1008
412049376,1009
412049377,1010
412049378,1011
412049379,1001
412049380,1002
412049381,1003
412049382,1004
412049383,1005
412049384,1006
412049385,1007
412049386,1008
412049387,1009
412049388,1010
412049389,1011
412049390,1001
412049391,1002
412049392,1003
412049393,1004
412049394,1005
412049395,1006
412049396,1007
412049397,1008
412049398,1009
412049399,1010
412049400,1011
412049401,1001
412049402,1002
412049403,1003
412049404,1004
412049405,1005
412049406,1006
412049407,1007
412049408,1008
412049409,1009
412049410,1010
412049411,1011
412049412,1001
412049413,1002
412049414,1003
412049415,1004
412049416,1005
412049417,1006
412049418,1007
412049419,1008
412049420,1009
412049421,1010
412049422,1011
412049423,1001
412049424,1002
412049425,1003
412049426,1004
412049427,1005
412049428,1006
412049429,1007
412049430,1008
412049431,1009
412049432,1010
412049433,1011
412049434,1001
412049435,1002
412049436,1003
412049437,1004
412049438,1005
412049439,1006
412049440,1007
412049441,1008
412049442,1009
412049443,1010
412049444,1011
412049445,1001
412049446,1002
412049447,1003
412049448,1004
412049449,1005
412049450,1006
412049451,1007
412049452,1008
412049453,1009
412049454,1010
412049455,1011
412049456,1001
412049457,1002
412049458,1003
412049459,1004
412049460,1005
412049461,1006
412049462,1007
412049463,1008
412049464,1009
412049465,1010
412049466,1011
412049467,1001
412049468,1002
412049469,1003
412049470,1004
412049471,1005
412049472,1006
412049473,1007
412049474,1008
412049475,1009
412049476,1010
412049477,1011
412049478,1001
412049479,1002
412049480,1003
412049481,1004
412049482,1005
412049483,1006
412049484,1007
412049485,1008
412049486,1009
412049487,1010
412049488,1011
412049489,1001
412049490,1002
412049491,1003
412049492,1004
412049493,1005
412049494,1006
412049495,1007
412049496,1008
412049497,1009
412049498,1010
412049499,1011
412049500,1001
412049501,1002
412049502,1003
412049503,1004
412049504,1005
412049505,1006
412049506,1007
412049507,1008
412049508,1009
412049509,1010
412049510,1011
412049511,1001
412049512,1002
412049513,1003
412049514,1004
412049515,1005
412049516,1006
412049517,1007
412049518,1008
412049519,1009
412049520,1010
412049521,1011
412049522,1001
412049523,1002
412049524,1003
412049525,1004
412049526,1005
412049527,1006
412049528,1007
412049529,1008
412049530,1009
412049531,1010
412049532,1011
412049533,1001
412049534,1002
412049535,1003
412049536,1004
412049537,1005
412049538,1006
412049539,1007
412049540,1008
412049541,1009
412049542,1010
412049543,1011
412049544,1001
412049545,1002
412049546,1003
412049547,1004
412049548,1005
412049549,1006
412049550,1007
412049551,1008
412049552,1009
412049553,1010
412049554,1011
412049555,1001
412049556,1002
412049557,1003
412049558,1004
412049559,1005

